(title "y-norm vs. x-vel-norm")
(labels "x-vel-exp" "y-norm")

((xy/key/label "exp-xb0-re229")
    	0.00408457	0.010405			
	0.00699269	0.010635			
	0.01280709	0.011313			
	0.01696066	0.011766			
	0.0248469	0.013252			
	0.0279565	0.014573			
	0.0304405	0.015964			
	0.0308476	0.017345			
	0.0316687	0.018656			
	0.0306199	0.019959			
	0.0287408	0.021404			
	0.027692	0.022635			
	0.0262292	0.023936			
	0.02268467	0.025519			
	0.01831122	0.026808			
	0.01040543	0.02801			
	0.00749133	0.028651			
	0.00333132	0.029142	   
)