(title "y-norm vs. x-vel-norm")			
(labels "x-vel-exp" "y-norm")			

((xy/key/label "exp-xb0-re229")			
	-0.00020783	0.00014599				
	-0.00249389	0.0010219				
	-0.002078303	0.0021898				
	-0.001039163	0.0031387				
	0.000831335	0.0043066				
	0.001870475	0.0052555				
	0.00727421	0.0064964				
	0.01143077	0.0080292				
	0.01828914	0.0093431				
	0.0251482	0.011022				
	0.0280577	0.013285				
	0.0295113	0.015255				
	0.0297206	0.017518				
	0.0274344	0.019197				
	0.0195362	0.023431				
	0.0126776	0.025328				
	0.00831335	0.027153				
	0.00436448	0.028029				
	0.00249389	0.028759		
)					
