(title "exper_k_over_u2")	
(labels "v1" "v2")	

((xy/key/label "exper_k_over_u2")	
1.40E-03	0.00E+00
1.40E-03	1.52E-04
1.41E-03	3.05E-04
1.41E-03	4.57E-04
1.41E-03	6.10E-04
1.41E-03	7.62E-04
1.41E-03	9.14E-04
1.41E-03	1.07E-03
1.41E-03	1.22E-03
1.41E-03	1.37E-03
1.41E-03	1.52E-03
1.41E-03	1.68E-03
1.41E-03	1.83E-03
1.42E-03	1.98E-03
1.42E-03	2.13E-03
1.42E-03	2.29E-03
1.42E-03	2.44E-03
1.43E-03	2.59E-03
1.43E-03	2.74E-03
1.43E-03	2.90E-03
1.44E-03	3.05E-03
1.44E-03	3.20E-03
1.44E-03	3.35E-03
1.45E-03	3.51E-03
1.45E-03	3.66E-03
1.46E-03	3.81E-03
1.46E-03	3.96E-03
1.46E-03	4.11E-03
1.47E-03	4.27E-03
1.47E-03	4.42E-03
1.48E-03	4.57E-03
1.49E-03	4.72E-03
1.49E-03	4.88E-03
1.50E-03	5.03E-03
1.50E-03	5.18E-03
1.51E-03	5.33E-03
1.51E-03	5.49E-03
1.52E-03	5.64E-03
1.53E-03	5.79E-03
1.53E-03	5.94E-03
1.54E-03	6.10E-03
1.55E-03	6.25E-03
1.56E-03	6.40E-03
1.56E-03	6.55E-03
1.57E-03	6.71E-03
1.58E-03	6.86E-03
1.59E-03	7.01E-03
1.60E-03	7.16E-03
1.60E-03	7.32E-03
1.61E-03	7.47E-03
1.62E-03	7.62E-03
1.63E-03	7.77E-03
1.64E-03	7.92E-03
1.65E-03	8.08E-03
1.66E-03	8.23E-03
1.67E-03	8.38E-03
1.68E-03	8.53E-03
1.69E-03	8.69E-03
1.70E-03	8.84E-03
1.70E-03	8.99E-03
1.71E-03	9.14E-03
1.72E-03	9.30E-03
1.73E-03	9.45E-03
1.74E-03	9.60E-03
1.75E-03	9.75E-03
1.76E-03	9.91E-03
1.77E-03	1.01E-02
1.78E-03	1.02E-02
1.79E-03	1.04E-02
1.79E-03	1.05E-02
1.80E-03	1.07E-02
1.81E-03	1.08E-02
1.82E-03	1.10E-02
1.83E-03	1.11E-02
1.84E-03	1.13E-02
1.85E-03	1.14E-02
1.86E-03	1.16E-02
1.87E-03	1.17E-02
1.88E-03	1.19E-02
1.89E-03	1.20E-02
1.89E-03	1.22E-02
1.90E-03	1.23E-02
1.91E-03	1.25E-02
1.92E-03	1.26E-02
1.93E-03	1.28E-02
1.94E-03	1.30E-02
1.95E-03	1.31E-02
1.96E-03	1.33E-02
1.97E-03	1.34E-02
1.98E-03	1.36E-02
1.99E-03	1.37E-02
2.00E-03	1.39E-02
2.00E-03	1.40E-02
2.01E-03	1.42E-02
2.02E-03	1.43E-02
2.03E-03	1.45E-02
2.04E-03	1.46E-02
2.05E-03	1.48E-02
2.06E-03	1.49E-02
2.07E-03	1.51E-02
2.08E-03	1.52E-02
2.09E-03	1.54E-02
2.10E-03	1.55E-02
2.11E-03	1.57E-02
2.12E-03	1.58E-02
2.13E-03	1.60E-02
2.14E-03	1.62E-02
2.15E-03	1.63E-02
2.16E-03	1.65E-02
2.17E-03	1.66E-02
2.18E-03	1.68E-02
2.19E-03	1.69E-02
2.20E-03	1.71E-02
2.22E-03	1.72E-02
2.23E-03	1.74E-02
2.24E-03	1.75E-02
2.25E-03	1.77E-02
2.27E-03	1.78E-02
2.28E-03	1.80E-02
2.29E-03	1.81E-02
2.31E-03	1.83E-02
2.32E-03	1.84E-02
2.34E-03	1.86E-02
2.35E-03	1.87E-02
2.37E-03	1.89E-02
2.38E-03	1.91E-02
2.40E-03	1.92E-02
2.41E-03	1.94E-02
2.43E-03	1.95E-02
2.44E-03	1.97E-02
2.46E-03	1.98E-02
2.47E-03	2.00E-02
2.49E-03	2.01E-02
2.51E-03	2.03E-02
2.53E-03	2.04E-02
2.54E-03	2.06E-02
2.56E-03	2.07E-02
2.58E-03	2.09E-02
2.60E-03	2.10E-02
2.61E-03	2.12E-02
2.63E-03	2.13E-02
2.65E-03	2.15E-02
2.67E-03	2.16E-02
2.69E-03	2.18E-02
2.71E-03	2.19E-02
2.73E-03	2.21E-02
2.75E-03	2.23E-02
2.77E-03	2.24E-02
2.79E-03	2.26E-02
2.81E-03	2.27E-02
2.83E-03	2.29E-02
2.85E-03	2.30E-02
2.87E-03	2.32E-02
2.89E-03	2.33E-02
2.92E-03	2.35E-02
2.94E-03	2.36E-02
2.96E-03	2.38E-02
2.98E-03	2.39E-02
3.01E-03	2.41E-02
3.03E-03	2.42E-02
3.05E-03	2.44E-02
3.07E-03	2.45E-02
3.10E-03	2.47E-02
3.12E-03	2.48E-02
3.15E-03	2.50E-02
3.17E-03	2.51E-02
3.19E-03	2.53E-02
3.22E-03	2.55E-02
3.24E-03	2.56E-02
3.27E-03	2.58E-02
3.30E-03	2.59E-02
3.32E-03	2.61E-02
3.35E-03	2.62E-02
3.37E-03	2.64E-02
3.40E-03	2.65E-02
3.43E-03	2.67E-02
3.45E-03	2.68E-02
3.48E-03	2.70E-02
3.51E-03	2.71E-02
3.54E-03	2.73E-02
3.56E-03	2.74E-02
3.59E-03	2.76E-02
3.62E-03	2.77E-02
3.65E-03	2.79E-02
3.68E-03	2.80E-02
3.71E-03	2.82E-02
3.74E-03	2.83E-02
3.77E-03	2.85E-02
3.80E-03	2.87E-02
3.82E-03	2.88E-02
3.86E-03	2.90E-02
3.89E-03	2.91E-02
3.92E-03	2.93E-02
3.95E-03	2.94E-02
3.98E-03	2.96E-02
4.01E-03	2.97E-02
4.04E-03	2.99E-02
4.07E-03	3.00E-02
4.11E-03	3.02E-02
4.14E-03	3.03E-02
4.17E-03	3.05E-02
4.20E-03	3.06E-02
4.24E-03	3.08E-02
4.27E-03	3.09E-02
4.31E-03	3.11E-02
4.34E-03	3.12E-02
4.38E-03	3.14E-02
4.41E-03	3.15E-02
4.45E-03	3.17E-02
4.49E-03	3.19E-02
4.53E-03	3.20E-02
4.56E-03	3.22E-02
4.60E-03	3.23E-02
4.64E-03	3.25E-02
4.68E-03	3.26E-02
4.72E-03	3.28E-02
4.77E-03	3.29E-02
4.81E-03	3.31E-02
4.85E-03	3.32E-02
4.89E-03	3.34E-02
4.94E-03	3.35E-02
4.98E-03	3.37E-02
5.03E-03	3.38E-02
5.07E-03	3.40E-02
5.12E-03	3.41E-02
5.16E-03	3.43E-02
5.21E-03	3.44E-02
5.26E-03	3.46E-02
5.31E-03	3.47E-02
5.36E-03	3.49E-02
5.41E-03	3.51E-02
5.46E-03	3.52E-02
5.51E-03	3.54E-02
5.57E-03	3.55E-02
5.64E-03	3.57E-02
5.70E-03	3.58E-02
5.78E-03	3.60E-02
5.85E-03	3.61E-02
5.93E-03	3.63E-02
6.01E-03	3.64E-02
6.10E-03	3.66E-02
6.19E-03	3.67E-02
6.27E-03	3.69E-02
6.36E-03	3.70E-02
6.45E-03	3.72E-02
6.53E-03	3.73E-02
6.62E-03	3.75E-02
6.71E-03	3.76E-02
6.80E-03	3.78E-02
6.88E-03	3.79E-02
6.97E-03	3.81E-02
7.06E-03	3.83E-02
7.14E-03	3.84E-02
7.23E-03	3.86E-02
7.32E-03	3.87E-02
7.40E-03	3.89E-02
3.57E-03	3.90E-02
0.00E+00	3.92E-02

)	
