11.84701857	-0.00414813	0.002427197
11.85689556	0.001498296	0.003272837
11.85350904	-0.006028623	0.002223999
11.87254134	-0.009755958	0.005060982
11.88487157	-0.017487249	0.002443238
11.8975951	-0.009952595	-0.002409013
11.8915698	-0.001335203	-0.00083412
11.87831699	-0.013676295	1.82E-05
11.89889835	-0.009100401	-0.000901447
11.90025894	-0.008481804	2.03E-05
11.90455254	-0.008184026	0.003678298
11.90728447	-0.009516101	0.000488681
11.90295337	-0.014164044	-0.012230952
11.90669622	-0.006249825	-0.009821006
11.91965572	-0.006599284	-0.005966982
11.92499307	-0.000677609	-0.004760051
11.90960735	-0.002942796	-0.009583503
11.93067884	-0.009846262	-0.010113571
11.94891969	-0.006273238	-0.007009662
11.93061081	-0.006104789	-0.013150784
11.94057421	-0.008617482	-0.010644349
11.93405051	-0.00987246	-0.009468903
11.96544181	0.002192017	-0.019661323
11.96080457	-0.003282984	-0.021645881
11.95811099	-0.012589895	-0.014282247
11.97070937	-0.00552718	-0.01841826
11.96064005	0.001455711	-0.023408752
11.97860169	-0.002746726	-0.020166202
11.9734149	-0.002125365	-0.025701286
11.99498356	-0.000475063	-0.024749576
11.99589015	-0.002390172	-0.024270257
11.9853311	-0.00381406	-0.025758843
11.9995827	-0.007693273	-0.024251562
11.99338594	0.002772023	-0.026226709
12.0021361	0.006553377	-0.028511336
12.0181003	-0.000508398	-0.031263173
12.02333891	0.002086077	-0.029377573
12.02277726	0.004800805	-0.029509007
12.02230136	0.006579868	-0.033345905
12.0327912	0.009086177	-0.038465405
12.0457441	0.015984552	-0.024340809
12.05004441	0.01150686	-0.026764021
12.04183138	0.01047459	-0.04877495
12.06014147	0.003568162	-0.046754229
12.06981359	0.010961472	-0.036508571
12.05709266	0.021499999	-0.038124247
12.06397655	0.011716719	-0.042650126
12.08454808	0.019213867	-0.042055714
12.08796013	0.016054698	-0.047878046
12.09835321	0.015533024	-0.038395613
12.12139129	0.026236103	-0.037666886
12.09916072	0.034512233	-0.052243685
12.0834008	0.028182341	-0.05161486
12.11640217	0.029089513	-0.048462985
12.12716058	0.039445626	-0.052079662
12.12578915	0.045517854	-0.053734823
12.13520496	0.049033492	-0.055241526
12.14253336	0.048687997	-0.05774898
12.14840725	0.055486827	-0.05978865
12.15691912	0.067764822	-0.068424261
12.16930438	0.074462064	-0.074990504
12.17316339	0.074338797	-0.070293392
12.17011751	0.076945537	-0.068511034
12.18411946	0.084002672	-0.073188354
12.19426923	0.093370889	-0.077559156
12.21663876	0.097681674	-0.072479969
12.22329144	0.102557053	-0.07620775
12.20684849	0.111662835	-0.084003068
12.22513275	0.121889344	-0.084949448
12.23717199	0.127583988	-0.086329119
12.2436368	0.137535545	-0.086782362
12.2604365	0.15581777	-0.090956886
12.26680305	0.162873796	-0.093690613
12.25849762	0.166738387	-0.102494885
12.27314839	0.185325432	-0.101237663
12.29944508	0.194196576	-0.101615665
12.30261605	0.20387047	-0.111410757
12.29573138	0.215574116	-0.113894496
12.31321641	0.237187437	-0.128940142
12.34340791	0.250509344	-0.123865929
12.34125582	0.258939588	-0.114940824
12.34015555	0.277306987	-0.128115369
12.38032195	0.287769975	-0.123680757
12.37647627	0.312376844	-0.122002633
12.3699942	0.333560474	-0.131152394
12.39579313	0.350247079	-0.132894942
12.40102574	0.372987827	-0.134514901
12.40419282	0.394819736	-0.141153596
12.41731486	0.419337357	-0.145359516
12.43515712	0.445911111	-0.141176639
12.43892557	0.473272011	-0.135934194
12.45006922	0.499924123	-0.148839784
12.46722723	0.529057151	-0.145329459
12.46528974	0.55953791	-0.143352779
12.46329594	0.59500742	-0.155269311
12.49110737	0.62402368	-0.153470572
12.48443159	0.661713877	-0.153798236
12.47323886	0.70628637	-0.154806171
12.48773471	0.741574602	-0.155293128
12.48507435	0.785981252	-0.155755864
12.48138066	0.8326396	-0.15585449
12.47661663	0.876024817	-0.153465439
12.46434558	0.9311829	-0.158253729
12.45312879	0.980617018	-0.16269232
12.44205714	1.018497035	-0.153757672
12.42911044	1.075125355	-0.146371148
12.42603577	1.116058842	-0.149095804
12.39157849	1.172842119	-0.143565814
12.36177698	1.243792955	-0.138053487
12.34385069	1.296987007	-0.132637348
12.32415719	1.361701996	-0.126369001
12.28637991	1.411995982	-0.11582486
12.23302652	1.464357293	-0.108574153
12.20289343	1.524051452	-0.102302223
12.14833384	1.56990175	-0.087309415
12.09075098	1.616421779	-0.075349879
12.04426322	1.673405299	-0.061853693
11.9859886	1.731304671	-0.055524611
11.92257023	1.775998341	-0.034648565
11.85988718	1.814690864	-0.017496648
11.78963735	1.851212808	-0.008365914
11.71300416	1.882030936	0.012371804
11.63899258	1.914139949	0.029813207
11.56587889	1.936978103	0.047225128
11.4848847	1.956905091	0.066820248
11.40056789	1.972349013	0.087406846
11.31836513	1.976475785	0.106178553
11.23743734	1.982886161	0.122262412
11.14784341	1.975009792	0.140414445
11.06973363	1.967689462	0.16656366
10.98456111	1.955653035	0.186489017
10.89296842	1.924122363	0.206676718
10.81637283	1.898078072	0.227943871
10.74034638	1.873843601	0.244175302
10.66967879	1.832807968	0.263023961
10.6005244	1.793016267	0.279026886
10.51062608	1.744246711	0.297114842
10.45006727	1.688743282	0.315517131
10.4047747	1.637459181	0.331568773
10.33808223	1.58042019	0.34611743
10.28811939	1.520711644	0.365530356
10.23973843	1.459107673	0.377046006
10.19276481	1.393082545	0.382305332
10.16652745	1.320314137	0.400501912
10.12855021	1.248767825	0.413393551
10.08322484	1.188498993	0.413043658
10.06809514	1.126306078	0.423196892
10.03981898	1.046981093	0.43167815
10.01637233	0.992469212	0.434164795
10.00382861	0.927418375	0.441125252
9.993814784	0.853123518	0.446335163
9.982579613	0.787725033	0.445013388
9.970898967	0.72517576	0.440278874
9.978785947	0.671149878	0.447778761
9.986625192	0.602249227	0.455008083
9.986672231	0.549688375	0.453400086
9.989504316	0.498680049	0.44967542
10.00554011	0.442679978	0.457245991
10.01224582	0.398912163	0.459753548
10.01927601	0.349708821	0.450740544
10.03393258	0.300016229	0.451079833
10.04722086	0.254141016	0.452452489
10.05188959	0.207038166	0.454149727
10.06814521	0.171567857	0.451349342
10.10675172	0.132569475	0.44091525
10.12612445	0.097519817	0.444205391
10.13273836	0.066858467	0.439665767
10.13596399	0.033306725	0.430458563
10.16361728	-0.002656084	0.431982751
10.19470463	-0.033265817	0.433029473
10.18889893	-0.069283415	0.413506684
10.2260174	-0.091697943	0.412829163
10.25613183	-0.105647867	0.421867831
10.24891574	-0.140174357	0.410066229
10.27511447	-0.166984193	0.408252524
10.29470553	-0.185850723	0.403959561
10.30865454	-0.194688815	0.394582106
10.33021802	-0.219721857	0.394529702
10.36505464	-0.256933571	0.398509765
10.374925	-0.264122721	0.392139778
10.36602749	-0.273146965	0.381123895
10.39587924	-0.295511465	0.379829409
10.41848102	-0.316008603	0.381345017
10.42829448	-0.32605504	0.376023207
10.44464054	-0.350519648	0.373473393
10.44736675	-0.363939118	0.367916102
10.47593479	-0.366594843	0.363992615
10.49513717	-0.382753146	0.361689376
10.49810302	-0.394506519	0.357894615
10.51190283	-0.398870708	0.351998898
10.53071579	-0.413719347	0.345341629
10.54777166	-0.428091596	0.343300829
10.56089925	-0.426749249	0.341262539
10.58382708	-0.443556066	0.347762132
10.58581702	-0.453912717	0.338371151
10.60219677	-0.455956985	0.328893001
10.62273613	-0.462216851	0.331222601
10.61264534	-0.46659838	0.324728421
10.63626303	-0.474702408	0.327169705
10.64264687	-0.471046337	0.32160516
10.64646302	-0.480718274	0.315782641
10.67768736	-0.493902126	0.315184393
10.67617368	-0.485466246	0.314063309
10.67455711	-0.492285959	0.30757274
10.69631844	-0.502108162	0.30180358
10.71467809	-0.499039016	0.302945795
10.71999274	-0.503812653	0.296673225
10.7305267	-0.508896457	0.293298559
10.74016863	-0.51269269	0.291446524
10.74100221	-0.516033233	0.287463802
10.75401131	-0.51329403	0.284294943
10.77720841	-0.519202352	0.279402042
10.78256054	-0.508618289	0.277927957
10.7820199	-0.510133031	0.275112334
10.79725783	-0.520624764	0.275045987
10.81166698	-0.514519376	0.273103787
10.81427659	-0.517920274	0.266225559
10.82214913	-0.521546442	0.263598918
10.82893101	-0.523189998	0.259090745
10.83098956	-0.517167976	0.248601734
10.84027559	-0.519338828	0.257291843
10.85434009	-0.521571671	0.257019164
10.85298765	-0.515746785	0.238243703
10.86208818	-0.516240025	0.242961281
10.87298101	-0.518636476	0.239377352
10.88779962	-0.524922777	0.238485293
10.89232715	-0.519603331	0.237395991
10.89144307	-0.509372418	0.233329365
10.90407011	-0.51139566	0.230256743
10.90870993	-0.508943113	0.222893848
10.9178339	-0.504888459	0.222771263
10.92066946	-0.500334556	0.220662469
10.92580171	-0.514648355	0.225898016
10.93488607	-0.510279786	0.218591271
10.93157568	-0.493353948	0.204062057
10.95273427	-0.497428207	0.205195292
10.96747794	-0.500461074	0.209488048
10.95643853	-0.493822478	0.205788106
10.96510329	-0.483784488	0.199446708
10.97288586	-0.482688853	0.194288293
10.98149273	-0.477778685	0.195354107
10.96803692	-0.477086707	0.195145262
10.97501137	-0.471017563	0.186427005
10.99062572	-0.462516013	0.181772085
10.99214396	-0.460762214	0.181480602
11.00714372	-0.457713625	0.183713103
11.0024486	-0.447304197	0.178283835
11.0122587	-0.446521104	0.178187993
11.01770908	-0.447678978	0.174776808
11.01457883	-0.43657731	0.169206674
11.0242507	-0.430785052	0.169908718
11.0325974	-0.425286828	0.166543289
11.03597544	-0.421166321	0.163819303
11.03440376	-0.398615092	0.159485258
11.04963462	-0.390733736	0.161263221
11.05541777	-0.39742415	0.160977446
11.05622192	-0.381231014	0.151662912
11.05684797	-0.3848496	0.15036438
11.0686119	-0.377186902	0.144171902
11.07637562	-0.362123888	0.138995922
11.06224367	-0.362526142	0.138843047
11.09031137	-0.360375492	0.14182292
11.08770619	-0.333244441	0.137788076
11.06963162	-0.335697577	0.123436235
11.09215364	-0.345554929	0.127127998
11.09699119	-0.325096761	0.130564847
11.10088912	-0.324023735	0.123083302
11.12000194	-0.316133007	0.122920076
11.12444106	-0.315742908	0.12128174
11.11338516	-0.307984344	0.11757811
11.12753699	-0.303477908	0.121573314
11.11783016	-0.296734305	0.110451994
11.11625781	-0.285832121	0.104791248
11.14268184	-0.281766511	0.112517327
11.14832102	-0.277400622	0.103936757
11.14686255	-0.276089873	0.102590816
11.13919914	-0.259800994	0.100949121
11.15710883	-0.272530239	0.097619727
11.16401846	-0.266773811	0.098855533
11.15900179	-0.245994252	0.092009284
11.15556708	-0.247399897	0.090734146
11.16758781	-0.244811162	0.089049476
11.19050708	-0.23009727	0.08683994
11.17775867	-0.222757503	0.088254255
11.17622208	-0.230921223	0.081534993
11.18974757	-0.222394433	0.079866087
11.20050127	-0.209183163	0.080871883
11.20341882	-0.206195395	0.078506102
11.19204759	-0.203188437	0.070455757
11.19619483	-0.207477317	0.082025573
11.21255142	-0.200834722	0.080501721
11.21689633	-0.184012645	0.066104065
11.22100647	-0.185736713	0.073183034
11.24452536	-0.192992018	0.077695116
11.24384567	-0.18915004	0.070636269
11.23757206	-0.166164689	0.064600451
11.23191354	-0.166075209	0.06721409
11.24355283	-0.170175941	0.064289154
11.25850642	-0.165143957	0.061684506
11.25584157	-0.159115853	0.057402006
11.26629699	-0.150991451	0.056744092
11.26759617	-0.150795716	0.054829679
11.26381969	-0.14456116	0.044593341
11.27491503	-0.140497971	0.04519022
11.291027	-0.136868828	0.049137649
11.29241619	-0.128647943	0.044872101
11.29867206	-0.12823864	0.048356155
11.29874807	-0.125641816	0.047096008
11.31151955	-0.126893837	0.042247773
11.31816191	-0.123011399	0.042681005
11.32248765	-0.115298528	0.046900999
11.32557204	-0.109195001	0.039720652
11.32744257	-0.103090218	0.032246472
11.34224953	-0.095028347	0.035898484
11.33748064	-0.090034696	0.027682319
11.35002243	-0.107943183	0.026023686
11.35996059	-0.09637615	0.026154994
11.35989933	-0.081896701	0.021375186
11.37338911	-0.085768489	0.023687674
11.38744749	-0.082047573	0.020778398
11.41085075	-0.07560866	0.01807936
11.42026896	-0.068930271	0.017619072
11.39746105	-0.059412036	0.003936254
11.39999895	-0.056824628	0.002926696
11.43354579	-0.059451141	0.015558851
11.44855893	-0.057813281	0.00860787
11.44382962	-0.048676073	-0.001034146
11.45252362	-0.043913756	-0.002852632
11.46501837	-0.043801989	-0.001173887
11.46754299	-0.036645109	-0.004541504
11.49763494	-0.027206601	-0.00319327
11.49868129	-0.015259556	-0.005531907
11.49403239	-0.019289366	-0.01356472
11.51824399	-0.015015752	-0.011412554
11.52331198	-0.005497178	-0.014034052
11.53852229	-0.003900758	-0.01881651
11.55704373	-0.001506384	-0.018817819
11.56136472	0.004444655	-0.020425952
11.56297278	0.015672852	-0.030100964
11.58049694	0.018942801	-0.025794867
11.62518043	0.030932993	-0.016613612
11.61093396	0.040655318	-0.031236713
11.60812102	0.041759099	-0.038243863
11.64818005	0.052276751	-0.036282389
11.64346846	0.063814931	-0.040064592
11.65250488	0.073943162	-0.045880889
11.66439315	0.080870761	-0.050765769
11.67723322	0.091166506	-0.051009899
11.69600165	0.105350345	-0.054507747
11.71383755	0.128173006	-0.052348501
11.72153697	0.134108661	-0.05597352
11.72159172	0.135855378	-0.070114294
11.73393048	0.157575079	-0.07468592
11.76217839	0.177475387	-0.070414532
11.7734027	0.184954155	-0.076557765
11.77720536	0.19299062	-0.08086189
11.79742347	0.219598415	-0.079073885
11.81499144	0.24191354	-0.081217813
11.82444537	0.259352879	-0.084974674
11.83019712	0.280791218	-0.094816306
11.84708486	0.302687501	-0.094411389
11.85779476	0.335292689	-0.093303068
11.8689015	0.358069023	-0.099230757
11.87808178	0.37757067	-0.107262134
11.88758189	0.41177967	-0.10748211
11.90185583	0.438061932	-0.111276829
11.91939925	0.471836977	-0.107099597
11.91370011	0.504433296	-0.111659189
11.91124319	0.546197711	-0.114263779
11.92433161	0.585457543	-0.116460148
11.90235571	0.617253171	-0.126930286
11.91099816	0.67184155	-0.121911623
11.92546444	0.707742475	-0.118382511
11.91678944	0.75330513	-0.120700032
11.91935795	0.801593118	-0.121000018
11.90166637	0.841933487	-0.120842617
11.88546524	0.902854457	-0.119256297
11.86965358	0.94591169	-0.124863955
11.84863264	0.996909077	-0.121170886
11.81543479	1.057749553	-0.11012807
11.79055576	1.109344232	-0.107457253
11.78457003	1.15943101	-0.089290652
11.74218133	1.21243172	-0.085916885
11.69774837	1.269073508	-0.094235053
11.66195636	1.321343865	-0.076261756
11.61398701	1.365551345	-0.063426446
11.56579488	1.415755095	-0.059567651
11.5055488	1.482129145	-0.046861045
11.43745024	1.517472459	-0.037854137
11.39615009	1.53651581	-0.013897523
11.33372402	1.585386506	-0.000487038
11.26551227	1.622343261	0.012979095
11.19164729	1.645395108	0.030760293
11.10520779	1.672435144	0.035745524
11.04289532	1.692787992	0.057335596
10.96155094	1.706754845	0.079182305
10.87427895	1.71779677	0.090057911
10.79240033	1.724012673	0.110091666
10.71777345	1.714808215	0.130372184
10.63994028	1.711286272	0.147771108
10.56285399	1.695735993	0.170796883
10.47881856	1.669984487	0.189483329
10.39982899	1.654343738	0.202851836
10.33245493	1.61817852	0.216576681
10.2518065	1.586396277	0.238490168
10.16449516	1.545342939	0.249905241
10.11990397	1.48967484	0.268565728
10.06372756	1.445162324	0.289927307
9.980266522	1.39152286	0.29797768
9.931798536	1.325678313	0.31506383
9.876681368	1.27643342	0.325313103
9.833525093	1.222498934	0.345988294
9.79329165	1.151241283	0.35432506
9.741346371	1.087023297	0.354720164
9.711592367	1.011911136	0.369271259
9.678507984	0.946710356	0.375243899
9.647418247	0.884989797	0.37619653
9.636534354	0.812743238	0.386690507
9.616599646	0.745418319	0.39367543
9.596713524	0.682317611	0.39757695
9.587838361	0.615517059	0.40030461
9.578283382	0.551133708	0.400473497
9.567565418	0.488222103	0.401184004
9.576074113	0.427681563	0.403191902
9.580929971	0.367162337	0.407047796
9.57309562	0.308932719	0.40254456
9.57910219	0.265093474	0.394058839
9.590448115	0.209169272	0.394351569
9.602035469	0.165980002	0.397694331
9.612663904	0.119094576	0.391944161
9.641916245	0.064016138	0.393658338
9.638978139	0.013384161	0.392050256
9.645262217	-0.026614572	0.387617854
9.676769505	-0.055759971	0.382785864
9.67600289	-0.108134769	0.374294384
9.691814749	-0.136484665	0.377052758
9.731197447	-0.168451066	0.37420599
9.753701832	-0.207498632	0.367596074
9.760776744	-0.232626095	0.36511451
9.766513308	-0.255961373	0.362467661
9.795742455	-0.282761416	0.361060467
9.818140239	-0.314768821	0.350960133
9.830806814	-0.336690282	0.348377884
9.846380859	-0.370726633	0.337425622
9.864571528	-0.388580349	0.336828904
9.888535466	-0.402619474	0.338410777
9.905062149	-0.426369936	0.326263294
9.912132356	-0.433426907	0.319339682
9.935710883	-0.452456704	0.316728572
9.963773938	-0.462741124	0.315665856
9.973763192	-0.481244154	0.308750424
9.990341228	-0.50985873	0.302598306
10.0027669	-0.509084588	0.303236336
10.0282078	-0.523505755	0.293528444
10.03624674	-0.542862015	0.283747039
10.05236123	-0.546349589	0.285761266
10.07953874	-0.554516883	0.284079416
10.06947608	-0.572668565	0.28257277
10.07753868	-0.584313651	0.27164608
10.11246661	-0.589378548	0.267082278
10.12212725	-0.594609479	0.26519193
10.12939127	-0.60059334	0.257147714
10.1488645	-0.616114859	0.253836272
10.15902487	-0.625848564	0.251935136
10.16544216	-0.627921016	0.247398819
10.19495045	-0.63262604	0.242515427
10.21361938	-0.633266673	0.237516233
10.21497822	-0.642946348	0.233918992
10.23454274	-0.645170331	0.233520772
10.241843	-0.650113095	0.22945853
10.2554138	-0.651163796	0.227420347
10.25643614	-0.645062472	0.223058646
10.26941566	-0.654185015	0.215366168
10.30620919	-0.655765411	0.222857623
10.31263893	-0.654651804	0.223690038
10.31132873	-0.657125068	0.205555732
10.31044602	-0.657134456	0.202713794
10.3398341	-0.654341756	0.206991049
10.34537498	-0.650138673	0.193333945
10.33824882	-0.655268379	0.189523522
10.36347575	-0.654588253	0.201380678
10.3722398	-0.651239798	0.189371388
10.36074524	-0.647599595	0.171568232
10.37283051	-0.646101512	0.177673151
10.40136021	-0.650569316	0.184244198
10.40341197	-0.647020231	0.178029056
10.40513637	-0.640793611	0.170134472
10.41156644	-0.647763134	0.166429429
10.42604575	-0.638987757	0.171863417
10.41760161	-0.631466598	0.165781635
10.42994643	-0.633553063	0.155838964
10.44627245	-0.634914051	0.160422055
10.44750948	-0.629908091	0.155710324
10.46108091	-0.617845916	0.141618095
10.46632308	-0.620317483	0.144210749
10.4675391	-0.622242666	0.1444813
10.48410817	-0.616121337	0.138466809
10.48977924	-0.611128929	0.13625319
10.48916384	-0.609902301	0.124063889
10.50156235	-0.596447561	0.126179333
10.50654801	-0.59323089	0.129171307
10.51447302	-0.59859516	0.117819101
10.51974732	-0.587377829	0.115809589
10.52327664	-0.568040875	0.113493493
10.53026818	-0.565890097	0.108944304
10.53945468	-0.568035013	0.109467874
10.5426659	-0.558839584	0.105334966
10.53512526	-0.551453163	0.098863262
10.55164286	-0.540144982	0.095821744
10.56891371	-0.536351282	0.097622735
10.55757177	-0.532921699	0.093801751
10.55554227	-0.526764833	0.088658702
10.57633725	-0.520429265	0.092986944
10.57650698	-0.503596395	0.091052644
10.57521241	-0.505552517	0.084180707
10.58363787	-0.50183386	0.085549334
10.58484789	-0.487134853	0.082041831
10.59937357	-0.471734346	0.080439381
10.61550295	-0.463729012	0.081753679
10.60958369	-0.468285517	0.073727466
10.61415254	-0.460545157	0.072115324
10.61736431	-0.449823202	0.07570727
10.6138999	-0.440815393	0.07009591
10.63517656	-0.429677359	0.063697997
10.62673989	-0.418686116	0.059128415
10.63015504	-0.412628208	0.059757478
10.65064012	-0.413304661	0.067737429
10.65133373	-0.407631142	0.066667745
10.66002149	-0.411970974	0.058928044
10.66161252	-0.395620393	0.05531768
10.65263898	-0.378322616	0.052266745
10.66298066	-0.378064701	0.051778182
10.67474793	-0.36437757	0.054083813
10.67410522	-0.359978364	0.04175009
10.66959788	-0.352682239	0.040147621
10.66717781	-0.339764859	0.056553745
10.66942902	-0.340656812	0.04020251
10.6845633	-0.335441912	0.03265725
10.69713034	-0.320936601	0.044246509
10.69042979	-0.309786126	0.045578761
10.69316987	-0.306186899	0.029355558
10.71515877	-0.286981739	0.023843934
10.71136834	-0.274248951	0.034325109
10.7117805	-0.290639613	0.034240507
10.71769085	-0.27520908	0.029542352
10.73449309	-0.268172515	0.027292763
10.73406727	-0.270063661	0.025855447
10.73283362	-0.257733731	0.022640801
10.74716064	-0.241536338	0.023801195
10.75194776	-0.229235638	0.015078355
10.75287784	-0.231074068	0.016364556
10.7568012	-0.228491796	0.018759793
10.76610522	-0.216192137	0.012032674
10.76990443	-0.206944652	0.011504987
10.77681884	-0.200253905	0.012714732
10.78008223	-0.195850818	0.009010846
10.78559527	-0.180885788	0.012911127
10.78752866	-0.177124123	0.009786844
10.79555093	-0.181095808	4.75E-05
10.80049868	-0.169513387	0.00264155
10.80328218	-0.162864888	0.003994619
10.80778756	-0.152053428	0.001420364
10.82520242	-0.151355273	-0.000726044
10.81700673	-0.150922616	-0.009571792
10.81302884	-0.136000388	-0.007309301
10.84310514	-0.130952381	-0.001966023
10.8539191	-0.128987715	-0.003547141
10.84884805	-0.123557685	-0.013677006
10.8492873	-0.115002835	-0.013535171
10.86853621	-0.11025271	-0.006747234
10.86643058	-0.102515401	-0.012995019
10.87495335	-0.099544793	-0.014317007
10.87791575	-0.094219788	-0.022254865
10.8875046	-0.07955568	-0.019275157
10.90364873	-0.080166675	-0.016700278
10.901061	-0.084619601	-0.023137029
10.90002777	-0.081306987	-0.027864743
10.91072817	-0.077116361	-0.03271809
10.92366789	-0.083003252	-0.029974435
10.92577241	-0.061303469	-0.030711884
10.95078165	-0.055413828	-0.031579543
10.95530609	-0.066188292	-0.032241615
10.95024572	-0.054286511	-0.036509019
10.97410675	-0.052857282	-0.037148051
10.98689046	-0.047111681	-0.036216971
10.98425377	-0.041772408	-0.043001473
11.0035288	-0.049254048	-0.046336861
10.99339976	-0.038832567	-0.042283966
11.00142434	-0.027040729	-0.04603023
11.02247486	-0.029700931	-0.051147974
11.01869067	-0.02884775	-0.043131153
11.03345875	-0.031260435	-0.045258663
11.04806555	-0.018589612	-0.054502702
11.05239677	-0.014809594	-0.055907978
11.05448761	-0.022734554	-0.044817166
11.06569711	-0.035130536	-0.052063016
11.08952872	-0.011126731	-0.06600491
11.10410095	-0.003293012	-0.054691636
11.10071234	-0.018087201	-0.0601026
11.10709118	-0.00341037	-0.068151075
11.11931996	-0.009727287	-0.066046456
11.15333236	-0.00469632	-0.06953502
11.15900624	0.002618669	-0.069388635
11.15399349	-0.005136144	-0.072454767
11.174977	0.00476235	-0.078542909
11.1578082	0.010502609	-0.077231047
11.17151807	0.009902785	-0.083452437
11.20372179	0.023646052	-0.091248462
11.20895964	0.027054724	-0.089618371
11.22552727	0.026056361	-0.090599668
11.23546165	0.032371817	-0.095482433
11.24241242	0.040121663	-0.092172563
11.25063651	0.035245434	-0.094937964
11.26160279	0.029568482	-0.104051182
11.30015418	0.049224498	-0.105330868
11.27698892	0.066452775	-0.124173606
11.28402435	0.065800734	-0.12220697
11.33956017	0.069432046	-0.103903428
11.32147866	0.081403523	-0.116356505
11.33327088	0.089371959	-0.131356794
11.35952469	0.099274925	-0.129655678
11.36976085	0.109232983	-0.130433345
11.39348883	0.120474071	-0.136261037
11.40161042	0.133817064	-0.141914599
11.41544988	0.161890839	-0.142083412
11.42765612	0.172259711	-0.143777063
11.42337957	0.175064128	-0.154871581
11.45591314	0.195432343	-0.150825458
11.48672228	0.214626392	-0.151056611
11.48657428	0.234504238	-0.162553363
11.48857154	0.248441724	-0.167163518
11.51867038	0.273091107	-0.164905233
11.51505345	0.299786936	-0.170440775
11.53142132	0.327578032	-0.175548945
11.54626985	0.34490735	-0.177550899
11.55531116	0.36905703	-0.183478188
11.57528318	0.400908888	-0.183859712
11.56822797	0.434235814	-0.185663161
11.57401331	0.471541037	-0.193858004
11.58807704	0.502641087	-0.194835905
11.59431552	0.538874339	-0.194619688
11.59603267	0.575738346	-0.196663757
11.5937702	0.612849827	-0.198177951
11.58187939	0.651820492	-0.19799371
11.59073839	0.698908256	-0.197673329
11.59455355	0.748379639	-0.199487959
11.57662763	0.791957022	-0.194099339
11.5600169	0.841419856	-0.190471617
11.54896335	0.886928427	-0.191673848
11.52707136	0.934078761	-0.193667384
11.49421965	1.001865713	-0.182296062
11.47763383	1.048422766	-0.175570165
11.44533541	1.090946787	-0.177610867
11.40657743	1.149625418	-0.167788798
11.37318746	1.194809985	-0.158928991
11.32819159	1.245821439	-0.151784015
11.27893727	1.29258153	-0.141900029
11.23084601	1.343534619	-0.126514439
11.16997621	1.380471214	-0.116978211
11.11220974	1.416247392	-0.105474698
11.06377102	1.460761918	-0.085475057
10.98606402	1.492486114	-0.074505828
10.91276432	1.521709892	-0.062973706
10.85319765	1.543701081	-0.043839794
10.77597974	1.568275656	-0.02739954
10.7036824	1.595052449	-0.005201204
10.61286645	1.595435013	0.00872207
10.53687286	1.579582905	0.023388543
10.47072889	1.58911181	0.045197022
10.37796974	1.589657339	0.062526261
10.2988855	1.578881078	0.08235341
10.22574715	1.553995226	0.101269301
10.14449834	1.520840088	0.11834106
10.0684803	1.49655009	0.134207007
10.00567412	1.462956118	0.152559984
9.931151561	1.419173471	0.170960248
9.871397971	1.371672016	0.189635508
9.816757019	1.315472749	0.197902813
9.738204827	1.259649735	0.212974615
9.685648506	1.210583124	0.234409668
9.639327339	1.152271036	0.23829064
9.591046033	1.093515202	0.25523049
9.546127406	1.029767354	0.271639747
9.498722863	0.957816031	0.274827338
9.468161109	0.891596788	0.284567322
9.436367115	0.826098153	0.293503371
9.404442348	0.756699207	0.299937729
9.384898353	0.687322742	0.303182386
9.363878428	0.62010703	0.307734421
9.355539097	0.55461862	0.312389487
9.34480369	0.489041239	0.315877305
9.323279228	0.41371703	0.322605107
9.324061853	0.34694461	0.325180192
9.334956058	0.296728852	0.321455116
9.325561183	0.228430716	0.3176129
9.326654108	0.178728124	0.321148706
9.340214932	0.128377856	0.321205515
9.338629899	0.069432238	0.314962264
9.348255771	0.02255527	0.31586786
9.37020654	-0.017738338	0.31724995
9.401453406	-0.069338697	0.310353203
9.401489714	-0.12339121	0.309191045
9.404193003	-0.156670465	0.30652537
9.431873031	-0.196975402	0.301967984
9.44093619	-0.235184058	0.299246246
9.45705581	-0.274451275	0.291903133
9.48178389	-0.307273925	0.289912126
9.51427648	-0.331578645	0.290523551
9.512583223	-0.36227276	0.281435024
9.523459526	-0.394895047	0.275672294
9.562402768	-0.42511193	0.274782658
9.575577111	-0.449868888	0.271596636
9.593695773	-0.472425419	0.266864282
9.603436038	-0.506356362	0.269818777
9.620389677	-0.523255005	0.265183954
9.65162513	-0.539217036	0.251205225
9.667920837	-0.566403712	0.249290785
9.681202398	-0.580048666	0.24746473
9.693741502	-0.593035591	0.24521191
9.713382603	-0.608095088	0.241609327
9.732850901	-0.625355951	0.237214712
9.749637924	-0.643350193	0.231459709
9.772831584	-0.660411567	0.228505851
9.791663514	-0.663095701	0.221024281
9.813370141	-0.672992255	0.215955738
9.820469043	-0.689773341	0.21691365
9.83623099	-0.69175829	0.212895514
9.85916624	-0.699857908	0.210733027
9.873253717	-0.714079639	0.210191949
9.883342765	-0.719671792	0.199428384
9.896418182	-0.727326282	0.19101424
9.90994183	-0.74338703	0.195674539
9.92653846	-0.739842088	0.190297921
9.949540015	-0.739645411	0.192051636
9.987207476	-0.751179231	0.189721857
9.976713849	-0.750733921	0.176754279
9.973164785	-0.754746323	0.175562279
10.00731676	-0.758124691	0.175374554
10.01821024	-0.758726448	0.172917347
10.04422613	-0.762964346	0.168138254
10.04640839	-0.775277469	0.166654476
10.05735913	-0.76907346	0.16201631
10.08185715	-0.758541203	0.151347939
10.07782303	-0.765335925	0.15825426
10.11493817	-0.758987886	0.155385307
10.1190336	-0.764241663	0.142873923
10.10875156	-0.774116175	0.141550554
10.13770655	-0.765428818	0.140579427
10.15412193	-0.759568835	0.145866281
10.1760163	-0.750759913	0.135295567
10.16887168	-0.75424872	0.125119492
10.16833902	-0.758736655	0.130551513
10.19391302	-0.75033358	0.121011886
10.20283942	-0.748369115	0.117845809
10.21135238	-0.736703454	0.120303716
10.24275009	-0.736822411	0.114653288
10.235648	-0.736621214	0.107558435
10.234999	-0.728691927	0.105214044
10.24868764	-0.729559629	0.107296706
10.25609883	-0.722108253	0.10102133
10.27230127	-0.718712192	0.097065694
10.27161058	-0.71288961	0.095027899
10.2779065	-0.707742745	0.090089547
10.29328874	-0.717701194	0.090522474
10.29504209	-0.698754489	0.096293308
10.30731283	-0.685441728	0.091393067
10.32160769	-0.687651853	0.080962282
10.30812229	-0.679026992	0.079580028
10.3220558	-0.671862313	0.079090706
10.3426558	-0.673516568	0.073414595
10.32641626	-0.668969744	0.07055811
10.33597497	-0.650600276	0.072250658
10.35620502	-0.638426588	0.068037906
10.35114822	-0.6305914	0.063393821
10.35851663	-0.625782101	0.062174103
10.35471809	-0.618668361	0.055922333
10.36620966	-0.61322666	0.059315258
10.38130146	-0.605818937	0.058808608
10.37235993	-0.596565199	0.055541969
10.36947151	-0.593253648	0.046329136
10.37767159	-0.582495568	0.043014102
10.39334173	-0.567756443	0.049178991
10.40485498	-0.553807755	0.0473605
10.40208527	-0.548212679	0.044890724
10.40944117	-0.542860154	0.038017338
10.41798585	-0.540205456	0.032591026
10.41316822	-0.532870148	0.029737258
10.42726197	-0.517909402	0.03687386
10.42621863	-0.504916048	0.037941574
10.42842056	-0.495580871	0.031003887
10.4417655	-0.491304583	0.027073297
10.4493444	-0.482696972	0.026943325
10.45071052	-0.470554554	0.023876382
10.4573063	-0.459349309	0.022819897
10.47638323	-0.466424026	0.02278056
10.48481025	-0.448024135	0.028586811
10.47273293	-0.428722839	0.016857223
10.48324737	-0.42818077	0.015046952
10.49850549	-0.413017101	0.02116739
10.48627672	-0.406956297	0.012439994
10.49486301	-0.399078785	0.013104103
10.49080189	-0.375439854	0.010547512
10.50535479	-0.36610283	0.014763568
10.5267308	-0.369951575	0.018646078
10.50901037	-0.357873786	0.008988222
10.49584002	-0.344873482	-0.000685861
10.51851134	-0.334670904	0.007423136
10.53979057	-0.324924147	0.008933922
10.52124202	-0.317535103	0.002474205
10.5291195	-0.305713402	0.000986658
10.54446134	-0.296958729	-0.005330928
10.54441563	-0.274672576	-0.001828731
10.54686186	-0.270413478	0.000381927
10.5624528	-0.272068339	0.001937811
10.56532142	-0.255212756	-0.000442793
10.55608554	-0.252204105	-0.008058578
10.56727402	-0.242854785	-0.006624191
10.57209036	-0.229899869	-0.007813878
10.5671892	-0.227058342	-0.013839749
10.56368513	-0.215746258	-0.013763987
10.57506051	-0.208014064	-0.008386357
10.5896295	-0.199567001	-0.012815727
10.59715245	-0.184868261	-0.00861171
10.5998588	-0.186220607	-0.013362487
10.59974115	-0.177371579	-0.022271449
10.59774558	-0.16391748	-0.017944222
10.59981609	-0.170478945	-0.017171644
10.61464985	-0.154683708	-0.013791171
10.62830658	-0.126169651	-0.026723589
10.61922127	-0.133122393	-0.0286247
10.63076402	-0.137602056	-0.018705495
10.64846206	-0.122033318	-0.020853394
10.64257218	-0.111649213	-0.024245586
10.62914474	-0.105165128	-0.030506069
10.64457213	-0.103727048	-0.034606044
10.65649699	-0.098833172	-0.034902246
10.65807124	-0.085196586	-0.022080237
10.68399736	-0.082387199	-0.027596249
10.70001639	-0.079095411	-0.034678293
10.68502878	-0.06294728	-0.028645889
10.68327311	-0.059540551	-0.035117707
10.71309417	-0.056875128	-0.042505216
10.70428305	-0.048778267	-0.043794828
10.70795754	-0.047545181	-0.039412661
10.7248419	-0.044545173	-0.038640158
10.72662968	-0.036114096	-0.043609013
10.733532	-0.029634334	-0.049781588
10.74155152	-0.037586237	-0.046512432
10.74893097	-0.033330673	-0.043163356
10.76772466	-0.019511785	-0.049545941
10.76306882	-0.017433701	-0.055447948
10.7587109	-0.016090144	-0.06009723
10.77371554	-0.012290307	-0.055637984
10.7811347	-0.00964652	-0.056243206
10.79739575	-0.002924697	-0.062440955
10.78475827	-0.00322377	-0.061471852
10.80854279	0.011826124	-0.063754898
10.83012843	0.024749305	-0.064532174
10.81980996	0.013770053	-0.070291723
10.83179277	0.014450528	-0.071395929
10.84645699	0.020499008	-0.069456264
10.85507959	0.022554972	-0.075786594
10.87143677	0.037886912	-0.074998768
10.87154295	0.030292044	-0.075110566
10.87816797	0.025251075	-0.079651872
10.89721006	0.040489029	-0.081476959
10.89821518	0.041817062	-0.085331159
10.92417096	0.04953564	-0.088829502
10.93801745	0.046309809	-0.086119057
10.93902579	0.045599748	-0.089205243
10.94111669	0.06282072	-0.097064802
10.95481981	0.060034418	-0.096935516
10.97044013	0.063365426	-0.100125583
10.97902231	0.071017655	-0.103772151
10.99277552	0.069056678	-0.106466918
10.99761761	0.079748364	-0.108995003
11.01526403	0.077880242	-0.110085502
11.03508279	0.080654688	-0.110146712
11.03223791	0.069432581	-0.114404825
11.04226111	0.079688398	-0.121675725
11.06829507	0.091371873	-0.12255281
11.08355672	0.090410465	-0.124392944
11.09659656	0.101526215	-0.12815046
11.11549256	0.099646872	-0.135903741
11.12818364	0.109225409	-0.134243884
11.14754198	0.115781954	-0.133841902
11.16067073	0.113624999	-0.134128459
11.16616313	0.121450598	-0.141707666
11.18481994	0.135736047	-0.154743893
11.19811063	0.140818597	-0.151236523
11.2166601	0.149978984	-0.152448811
11.23082165	0.159173863	-0.15925591
11.24178429	0.167749317	-0.162362418
11.25791835	0.181403864	-0.168126864
11.27015794	0.194704049	-0.171710932
11.27499746	0.200917801	-0.177649325
11.29930022	0.211301399	-0.179709344
11.32219685	0.232275291	-0.182077091
11.32414742	0.244111238	-0.187575375
11.33999805	0.248932974	-0.196439738
11.36533961	0.278141081	-0.200191701
11.3749197	0.28997978	-0.200171723
11.37644237	0.292287409	-0.209058445
11.40930421	0.323873957	-0.210026942
11.41873144	0.356120144	-0.215185629
11.41088274	0.379310713	-0.227822103
11.43031137	0.397940923	-0.225804168
11.44311363	0.432139853	-0.222554149
11.45910372	0.471701965	-0.229854339
11.45877041	0.498429423	-0.237270586
11.46466745	0.526933469	-0.237291017
11.46846465	0.565079583	-0.233282821
11.4704786	0.601429993	-0.24247202
11.47502992	0.63809717	-0.243213319
11.47333134	0.681403685	-0.239690887
11.4785549	0.730309546	-0.2410623
11.46547071	0.773583647	-0.24018809
11.4560521	0.816139788	-0.239645493
11.43061421	0.859267107	-0.25012871
11.42546421	0.909122183	-0.24068601
11.41764996	0.961508527	-0.22565301
11.37000381	1.011246267	-0.231904559
11.35139813	1.066406562	-0.225687237
11.31835205	1.109513416	-0.219257085
11.28217044	1.153923636	-0.212347176
11.24494094	1.206828316	-0.20303661
11.19900648	1.252882355	-0.192859436
11.12747146	1.296030071	-0.184235942
11.09316534	1.335898681	-0.173777676
11.04565956	1.390404569	-0.163292422
10.972714	1.41123352	-0.150332075
10.92882592	1.437190677	-0.12475931
10.86231405	1.476918474	-0.11559816
10.78637983	1.495469234	-0.107048762
10.70134193	1.510473246	-0.084052778
10.63052572	1.524024981	-0.076418085
10.555842	1.539340199	-0.057892268
10.4696864	1.539063144	-0.036111205
10.3988643	1.542982539	-0.020807816
10.33313234	1.532020777	0.004326463
10.24460566	1.520645923	0.019965431
10.1579158	1.505290238	0.027430851
10.08641336	1.471922493	0.047108099
10.032146	1.452274572	0.073755895
9.950700625	1.414251435	0.090588643
9.875595995	1.362396799	0.107461675
9.819225996	1.319833826	0.124981786
9.746911264	1.281001852	0.136842192
9.686569784	1.222943016	0.156554469
9.623589574	1.169317057	0.170435742
9.571155595	1.113885539	0.17894064
9.525344365	1.038875813	0.195308902
9.469693519	0.98132899	0.199309883
9.428826974	0.915127382	0.209897245
9.399212323	0.852438829	0.225061198
9.360991496	0.77729052	0.230579085
9.329752257	0.708835954	0.236020099
9.310679443	0.643125742	0.242762003
9.276652254	0.568972203	0.244873442
9.265464566	0.517573022	0.240357374
9.264351283	0.449341299	0.250387598
9.246360724	0.375007153	0.258234859
9.24739199	0.321800741	0.255624435
9.228645333	0.254362333	0.251772858
9.231213668	0.192154083	0.255489429
9.246130797	0.138655743	0.259261984
9.235359818	0.085134835	0.253589416
9.250930494	0.033732889	0.252469591
9.253346032	-0.021019888	0.256031146
9.263692394	-0.069505251	0.251482989
9.28172017	-0.123372302	0.242082674
9.290964966	-0.170904893	0.245123652
9.312796857	-0.20331087	0.241863664
9.324353245	-0.243465589	0.236031691
9.345097264	-0.288867665	0.234740374
9.3656196	-0.326714745	0.232908257
9.364512819	-0.360928217	0.225490162
9.36386361	-0.39050451	0.219737019
9.405130878	-0.421766878	0.229653199
9.445086715	-0.450359777	0.222367053
9.445961191	-0.479341839	0.206748661
9.45950443	-0.508121265	0.209352696
9.486807814	-0.523510403	0.20813223
9.497098865	-0.54779563	0.203698768
9.516446205	-0.572762016	0.196044732
9.548350997	-0.592081874	0.191820862
9.558215119	-0.611866144	0.187279295
9.572851515	-0.628628677	0.18420608
9.598098153	-0.645409241	0.18313736
9.614320899	-0.646074722	0.177785603
9.620167175	-0.673509763	0.173837169
9.6397774	-0.694065072	0.173775277
9.674422671	-0.687968574	0.168632779
9.700261879	-0.709397633	0.162572592
9.709150255	-0.727846671	0.158022762
9.71420021	-0.721529879	0.150294852
9.737912171	-0.740077087	0.151098112
9.762899053	-0.760229605	0.154382356
9.77601869	-0.755646537	0.146172519
9.782517729	-0.76923224	0.137629079
9.819296216	-0.774890496	0.140510977
9.829613915	-0.778257307	0.134346331
9.827743591	-0.785595785	0.127779293
9.850880457	-0.786788787	0.126059064
9.858991739	-0.79033483	0.125700625
9.871338699	-0.796208747	0.121805479
9.897246806	-0.802769379	0.113769791
9.919256581	-0.806894152	0.113847097
9.929523629	-0.803515503	0.112468625
9.937072781	-0.804260515	0.10756363
9.942067307	-0.818388718	0.103230213
9.957607131	-0.818295592	0.097055919
9.977529296	-0.800650828	0.091078788
9.989166355	-0.804620466	0.090590617
9.99618703	-0.812331456	0.088624572
10.00668439	-0.806300359	0.085769326
10.00643711	-0.799226044	0.080460078
10.02802287	-0.800589901	0.078455399
10.03451836	-0.802443654	0.065221641
10.05542802	-0.798560309	0.067479526
10.0752944	-0.799037635	0.077419408
10.06859971	-0.796869869	0.064146055
10.07839516	-0.787278371	0.057339435
10.09974378	-0.774520717	0.068648075
10.1110993	-0.774578817	0.06509284
10.11810751	-0.783325693	0.053140317
10.12947943	-0.775195076	0.052885572
10.12085615	-0.763945882	0.048291999
10.12811762	-0.758535283	0.054765644
10.16746015	-0.751180442	0.051157255
10.16760116	-0.745243725	0.041872874
10.15252998	-0.742621556	0.039525135
10.18497552	-0.731212877	0.039875827
10.19458068	-0.722450755	0.038893069
10.19196967	-0.717539456	0.033518711
10.19944232	-0.719113751	0.028427284
10.21122925	-0.712395345	0.028753838
10.21430498	-0.688999138	0.021876837
10.22921268	-0.689215445	0.025636558
10.22703594	-0.681744707	0.019833706
10.228873	-0.671582106	0.010984639
10.23696753	-0.668321236	0.019788378
10.24087266	-0.657432608	0.01257382
10.26220394	-0.640438254	0.012932627
10.26059556	-0.632814863	0.011516616
10.25542777	-0.633369822	0.004857089
10.27952217	-0.60940527	0.005791351
10.27583394	-0.602145302	0.004592271
10.28083068	-0.61321895	-0.001767675
10.28971222	-0.599805363	-0.000624744
10.28529703	-0.579557052	-0.002114878
10.29641345	-0.566072198	-0.005764169
10.2995337	-0.558912756	-0.008827743
10.2982985	-0.551440927	-0.007461869
10.30795341	-0.546960008	-0.014120637
10.31765749	-0.53437657	-0.022503182
10.30822661	-0.521721965	-0.019799728
10.31896255	-0.511315583	-0.018500077
10.33927591	-0.499394425	-0.010757915
10.33691781	-0.500764982	-0.021353024
10.33605016	-0.478358216	-0.029711685
10.33343719	-0.465433807	-0.023675499
10.34105446	-0.461977986	-0.027971373
10.33872719	-0.441942071	-0.028663042
10.34191685	-0.439206332	-0.026866266
10.35008277	-0.42105395	-0.040502288
10.35202765	-0.409896733	-0.037145084
10.3620639	-0.402282778	-0.03109855
10.35948914	-0.385647272	-0.038023493
10.37658823	-0.374496613	-0.036712952
10.36489712	-0.366096101	-0.04077814
10.38913989	-0.360416753	-0.037483101
10.3999129	-0.343950653	-0.038849363
10.37299124	-0.322481978	-0.043304033
10.39099144	-0.315700284	-0.042890511
10.40787826	-0.309979933	-0.038568846
10.40116138	-0.294862934	-0.050902376
10.39914648	-0.286591239	-0.052376166
10.41890258	-0.270386241	-0.041034222
10.4152611	-0.261096415	-0.0497966
10.41640631	-0.254559313	-0.047902864
10.42594593	-0.236258482	-0.054943442
10.43073383	-0.22362451	-0.057345619
10.43715195	-0.218515771	-0.048914887
10.44633161	-0.20931555	-0.054118083
10.44514009	-0.194966495	-0.055724437
10.44371236	-0.178727471	-0.052299375
10.45457516	-0.172681231	-0.055464538
10.45471157	-0.163834198	-0.05940144
10.46630256	-0.147654169	-0.055088369
10.4714938	-0.140114542	-0.056861001
10.47511481	-0.133461241	-0.056386512
10.48115598	-0.122499722	-0.057245515
10.47355357	-0.108950661	-0.059940432
10.47723089	-0.102801305	-0.060181745
10.47024987	-0.10359548	-0.060571304
10.48693168	-0.088049307	-0.062334526
10.50054131	-0.073816044	-0.063462878
10.49380532	-0.060389515	-0.06341939
10.51123638	-0.047213595	-0.065261142
10.52266488	-0.048716398	-0.069116087
10.51492764	-0.044269509	-0.07503775
10.51700303	-0.032272809	-0.068377144
10.53029504	-0.031506655	-0.072609336
10.528374	-0.02111012	-0.07639465
10.54738716	-0.007737902	-0.068156264
10.54804541	-0.008416912	-0.078353915
10.54315246	0.003675491	-0.082207719
10.55002073	0.022919071	-0.077592919
10.5519608	0.022106239	-0.08358431
10.57042879	0.023187574	-0.087559429
10.57472084	0.037960466	-0.084489704
10.5681735	0.043355147	-0.084659033
10.56977426	0.047303654	-0.088345277
10.58447662	0.050265068	-0.089072821
10.6064727	0.05925257	-0.08567406
10.6008943	0.064676075	-0.08590001
10.60233994	0.071920588	-0.091644665
10.61985319	0.078074924	-0.091571754
10.61319926	0.085325923	-0.09711287
10.62164943	0.098358233	-0.094498391
10.63694241	0.097486206	-0.093861665
10.64307069	0.096718274	-0.100585845
10.6516317	0.10666026	-0.099134973
10.67176514	0.104704889	-0.102291268
10.67305916	0.111506913	-0.102855319
10.67060024	0.120855657	-0.104303841
10.69438431	0.119113453	-0.104768494
10.71260422	0.11918488	-0.106110364
10.7110164	0.136435676	-0.11486543
10.72126113	0.144692015	-0.113632927
10.72478928	0.13576513	-0.116284776
10.73050495	0.141007861	-0.118047439
10.75256299	0.152408791	-0.122263535
10.77172301	0.153154281	-0.119255826
10.77861234	0.146799845	-0.119211488
10.77962773	0.157178576	-0.128497835
10.80366898	0.164068101	-0.128536442
10.80162477	0.162799418	-0.132495457
10.81887095	0.159458384	-0.131376923
10.83477848	0.15943825	-0.132542853
10.83947559	0.166187585	-0.134869356
10.85645303	0.170644861	-0.139898579
10.86649417	0.177627483	-0.148480591
10.88982733	0.18902564	-0.151305446
10.89321582	0.186434059	-0.151822375
10.89827609	0.18281623	-0.15713086
10.92084357	0.191067792	-0.158609582
10.93495544	0.182793598	-0.154660948
10.94645103	0.189808251	-0.161742919
10.95774178	0.204680583	-0.168306506
10.9715023	0.200929317	-0.169388135
10.98509894	0.20785911	-0.180740631
11.00210083	0.214900714	-0.178793335
11.02209563	0.21787545	-0.172403535
11.02997872	0.212821847	-0.184812619
11.04120928	0.223723943	-0.191243933
11.06391508	0.239222001	-0.191495082
11.07698425	0.238757169	-0.193082941
11.09157752	0.249169373	-0.199427253
11.11172852	0.262107171	-0.209273381
11.14394528	0.2635154	-0.210151272
11.14591886	0.270494452	-0.209373553
11.15424494	0.286379648	-0.217929856
11.17891001	0.286736151	-0.221856669
11.18312255	0.288961421	-0.224352097
11.20917475	0.313391678	-0.228146999
11.22973824	0.333274585	-0.232661875
11.23049525	0.343408967	-0.242348599
11.27988793	0.359338198	-0.237431368
11.28918473	0.369139223	-0.243792935
11.28416916	0.401420689	-0.257170661
11.31909242	0.422971756	-0.254156792
11.33718324	0.434031575	-0.249413686
11.34388679	0.459104625	-0.258528091
11.34031671	0.484012103	-0.276685131
11.37213017	0.513605769	-0.268897539
11.38348275	0.53673874	-0.268854517
11.39491987	0.571257401	-0.280066233
11.40248323	0.598416598	-0.282981987
11.41076629	0.632728138	-0.283938066
11.4364893	0.671526207	-0.288041567
11.42423866	0.698589013	-0.288721196
11.42268006	0.737106832	-0.290332035
11.43029632	0.779920682	-0.292663025
11.42323543	0.826022194	-0.290313085
11.41001207	0.8658	-0.293968045
11.39597436	0.916069173	-0.292934968
11.40337861	0.960985363	-0.293613339
11.37831971	0.999412546	-0.295043311
11.34050124	1.05497273	-0.283343874
11.33139884	1.099796456	-0.280013328
11.30275808	1.145031187	-0.285012811
11.27385589	1.194703929	-0.27478274
11.23135826	1.250943508	-0.266699259
11.19102557	1.292697201	-0.263359065
11.17567232	1.327722844	-0.256578694
11.10777913	1.380321065	-0.250710309
11.0496097	1.418446232	-0.236911235
11.01047501	1.456272037	-0.22421296
10.94938475	1.477862881	-0.221523598
10.89038349	1.508109853	-0.20018729
10.82330963	1.553606676	-0.18374593
10.75628729	1.579624832	-0.175361004
10.68492505	1.587767166	-0.156804346
10.60731472	1.596179236	-0.1455344
10.53760347	1.616164611	-0.127658287
10.46270867	1.616390582	-0.10881525
10.3961179	1.612486401	-0.092660401
10.31423241	1.606687003	-0.075377653
10.23845604	1.589110887	-0.05381835
10.16618454	1.572633323	-0.035386703
10.07425943	1.550396908	-0.023836846
10.00895056	1.518765584	-0.003166635
9.928506227	1.477894176	0.020466778
9.854061271	1.439081666	0.033364765
9.788260792	1.3988205	0.042513701
9.737329889	1.330390653	0.065028516
9.669528746	1.278316068	0.079494918
9.600606187	1.229713217	0.085270179
9.558908698	1.163540231	0.10295668
9.508818848	1.100563691	0.115658097
9.461061178	1.0365748	0.123535204
9.409811562	0.964521224	0.13417496
9.377755236	0.898276421	0.140910176
9.329710787	0.834937684	0.149290796
9.305675089	0.754463756	0.157768388
9.308239854	0.685417151	0.166357587
9.260577245	0.623532077	0.167398884
9.237991779	0.547091059	0.170539515
9.243250602	0.476901421	0.176828083
9.23122674	0.406217515	0.172830008
9.218343672	0.34333754	0.176400036
9.228334644	0.280264823	0.181055965
9.2189283	0.219292592	0.182741358
9.212561311	0.162489029	0.178136802
9.241092932	0.102604234	0.175569659
9.238931927	0.050779723	0.174796288
9.24430191	-0.006311101	0.173474531
9.25825227	-0.060927082	0.173083678
9.270438008	-0.108071618	0.168990119
9.295980523	-0.153116285	0.168639791
9.307541406	-0.199332117	0.177341475
9.32172761	-0.245429568	0.162292183
9.339766903	-0.286048541	0.150941383
9.345840761	-0.327622619	0.157974323
9.375824487	-0.369271999	0.150418559
9.376698226	-0.394440115	0.148148936
9.401285749	-0.426462206	0.138534906
9.444022068	-0.467562617	0.132806285
9.441903262	-0.493060585	0.132807211
9.462406133	-0.517958944	0.123956477
9.491049616	-0.547874007	0.122082466
9.502863184	-0.577854637	0.116866115
9.52266298	-0.592017281	0.113435095
9.554546866	-0.609958735	0.115405033
9.562094784	-0.641903982	0.108028831
9.560443736	-0.663415479	0.0936547
9.596022976	-0.672342569	0.09084196
9.625515785	-0.70360896	0.092658411
9.620633691	-0.720413715	0.082917906
9.645595675	-0.721954997	0.07936477
9.674192965	-0.747618033	0.07881787
9.683596471	-0.760150801	0.072378972
9.679760562	-0.761033079	0.059005915
9.706320766	-0.776401968	0.058599505
9.742048764	-0.800707664	0.062758395
9.755990296	-0.801181524	0.058189172
9.761198273	-0.808686069	0.053449311
9.773658803	-0.812167919	0.043263365
9.807259547	-0.816767012	0.04437
9.808658254	-0.837971903	0.041814908
9.809141576	-0.840552442	0.031487571
9.819879385	-0.843038549	0.027815803
9.860138226	-0.848521469	0.023850593
9.869055971	-0.854936484	0.027045866
9.869520904	-0.862316097	0.024727918
9.896669939	-0.870302602	0.015430034
9.895500143	-0.873662388	0.014741508
9.913410509	-0.867788721	0.009551466
9.938401279	-0.877724269	0.01074068
9.933414301	-0.870399193	0.000819568
9.935453325	-0.862014341	-0.006537545
9.961791509	-0.873719718	-0.001511787
9.974370076	-0.862864174	-0.006100468
9.978806185	-0.856861311	-0.015249738
9.992161567	-0.861445536	-0.011797293
10.00357049	-0.861470308	-0.012176446
10.01431429	-0.863470472	-0.027193249
10.02419022	-0.857073988	-0.025228244
10.04210784	-0.853897928	-0.020170544
10.05337091	-0.850784816	-0.025537972
10.06670459	-0.849468217	-0.030226859
10.07806915	-0.853254155	-0.035515602
10.09258042	-0.844933433	-0.04203261
10.0982207	-0.834172905	-0.039474638
10.0917835	-0.83524271	-0.045564498
10.11382822	-0.836857752	-0.051810879
10.13774691	-0.831912142	-0.046406781
10.1287044	-0.817466708	-0.056959889
10.14822207	-0.801404956	-0.054927418
10.16564715	-0.799317714	-0.054655939
10.15840371	-0.804560118	-0.063194308
10.16719523	-0.787564053	-0.06177864
10.16724968	-0.778853688	-0.067941452
10.1673491	-0.790406579	-0.067472028
10.18588433	-0.779343428	-0.068139909
10.20062099	-0.751924883	-0.062431247
10.20708234	-0.749767822	-0.066396812
10.19612934	-0.746478027	-0.076621251
10.20279748	-0.73534248	-0.073808021
10.23258001	-0.72878172	-0.074751042
10.2350752	-0.719851551	-0.072834683
10.23516673	-0.707707615	-0.077915424
10.23342545	-0.683160822	-0.082173739
10.24886832	-0.672094927	-0.078623833
10.2432053	-0.673184724	-0.082090791
10.24292566	-0.66449096	-0.090849559
10.26773927	-0.652937358	-0.087457715
10.26850466	-0.638905382	-0.083994315
10.26545972	-0.630691356	-0.08973242
10.25092199	-0.618318829	-0.094702157
10.26608761	-0.605383482	-0.094201583
10.29385897	-0.596427383	-0.090785634
10.2897971	-0.585470412	-0.096240684
10.28702443	-0.573892952	-0.096871697
10.29883273	-0.554675118	-0.095990921
10.32478982	-0.539374024	-0.088785852
10.31379049	-0.534297374	-0.092925771
10.30634284	-0.513138832	-0.099145707
10.33298439	-0.500639702	-0.096234171
10.33215087	-0.497308243	-0.104735352
10.32120084	-0.49110254	-0.099405547
10.33340417	-0.482308529	-0.095146318
10.34463982	-0.460715308	-0.102416973
10.3395714	-0.448933657	-0.101036237
10.32921151	-0.43698352	-0.10759588
10.35235998	-0.428355989	-0.108079527
10.36077798	-0.414935934	-0.101670796
10.35325761	-0.399412957	-0.104277401
10.36742816	-0.390122414	-0.101174692
10.35182987	-0.37839276	-0.103555923
10.35783326	-0.364649309	-0.10643972
10.37681555	-0.34911955	-0.104178153
10.36594519	-0.338839662	-0.106950802
10.373577	-0.329484909	-0.107431156
10.37306331	-0.319475162	-0.10298279
10.38133852	-0.301136894	-0.101791955
10.37964501	-0.282285534	-0.106970042
10.38071016	-0.274284988	-0.108375737
10.40696744	-0.281099167	-0.095894412
10.40628937	-0.264553869	-0.093642201
10.39901946	-0.235218423	-0.103256743
10.40296075	-0.232484622	-0.102813029
10.40977456	-0.228787744	-0.102673794
10.40336365	-0.213073234	-0.102410606
10.41095237	-0.193097244	-0.100492124
10.41830782	-0.177658204	-0.100505473
10.41769141	-0.164442968	-0.100519931
10.43845112	-0.159431174	-0.099902738
10.43452468	-0.150480035	-0.101437771
10.42808368	-0.134787619	-0.102389331
10.44286179	-0.127797923	-0.093984652
10.44116021	-0.115717705	-0.100689995
10.44483674	-0.094738581	-0.100059979
10.45331951	-0.089679798	-0.094717577
10.45620163	-0.08424605	-0.098603189
10.46242028	-0.069955185	-0.091567491
10.4691437	-0.055565648	-0.095918376
10.48619838	-0.048964735	-0.086643324
10.48559778	-0.040408275	-0.086568891
10.47982533	-0.027628207	-0.09591131
10.49211806	-0.019000624	-0.091087838
10.50536158	-0.00063075	-0.096909396
10.49023229	0.004276287	-0.097107089
10.4924328	0.007870498	-0.091549153
10.52365304	0.029271588	-0.091073749
10.5166641	0.030108173	-0.096324164
10.51564865	0.035209712	-0.093343063
10.52911905	0.051537406	-0.092697241
10.53430185	0.059121316	-0.095117645
10.54289919	0.064446384	-0.093733105
10.55230269	0.072936099	-0.087770606
10.55461056	0.085702546	-0.08813482
10.55378494	0.0946891	-0.102847346
10.56165246	0.098797696	-0.097288317
10.5711846	0.107761176	-0.090083553
10.56716712	0.11359428	-0.102047591
10.57391674	0.103255709	-0.107203751
10.58607352	0.121290305	-0.10034261
10.59478773	0.136322369	-0.097074814
10.59183377	0.131575645	-0.106242072
10.6042685	0.140737984	-0.105289588
10.59579565	0.148015289	-0.095265811
10.59881802	0.160669246	-0.110547496
10.61627161	0.163988591	-0.119297128
10.62062919	0.168856831	-0.108179136
10.63321573	0.172174111	-0.113347152
10.64529046	0.179213563	-0.112178059
10.65463995	0.187618639	-0.110213978
10.64597088	0.190910048	-0.128246807
10.66358494	0.199757272	-0.123893178
10.67861726	0.200868647	-0.112953779
10.69345419	0.197946929	-0.117847709
10.69100081	0.205711041	-0.121709292
10.69605101	0.22950235	-0.127254031
10.71540387	0.230413154	-0.129439283
10.72248725	0.219836895	-0.132807875
10.72375726	0.228823803	-0.135194393
10.73021597	0.244615916	-0.131294703
10.75762686	0.24622789	-0.132125386
10.76736057	0.251205918	-0.141649438
10.77463867	0.25785033	-0.141545042
10.79108224	0.248613765	-0.138079002
10.80433269	0.259297114	-0.14156694
10.8154266	0.268911011	-0.146018494
10.82977856	0.270467789	-0.149317107
10.84043854	0.263795712	-0.153816734
10.86167961	0.279456412	-0.154551625
10.86610254	0.287040684	-0.153742446
10.87453361	0.281145254	-0.154096717
10.90983805	0.2925981	-0.156566126
10.92345973	0.295116326	-0.16447611
10.91871434	0.300931225	-0.163576992
10.94503478	0.314105204	-0.158509516
10.95958416	0.308787581	-0.167855472
10.97862826	0.306889506	-0.16918616
11.00106699	0.325995909	-0.178598057
11.00271189	0.331468123	-0.183158806
11.01541393	0.328108521	-0.179667071
11.03392743	0.341788319	-0.186605347
11.03931685	0.353624305	-0.195840499
11.03842113	0.35849584	-0.200640559
11.06989842	0.368248407	-0.182370117
11.1064522	0.373922055	-0.190626427
11.098446	0.377870916	-0.210082751
11.10612262	0.394918437	-0.212311985
11.14491942	0.401165067	-0.209280784
11.16608572	0.411505568	-0.20977574
11.17090246	0.441205215	-0.221287946
11.17821446	0.451058616	-0.224407537
11.19464438	0.455601081	-0.224520042
11.20357825	0.488167677	-0.229640516
11.23527372	0.51727898	-0.242251787
11.25008657	0.521484513	-0.242114474
11.25297109	0.545159162	-0.233617845
11.26131893	0.565055933	-0.244141258
11.28000036	0.600039018	-0.250660505
11.302849	0.632767872	-0.249664454
11.30676003	0.656842624	-0.260900552
11.31524503	0.688728926	-0.258775414
11.30992615	0.729442442	-0.262629808
11.31191068	0.753588551	-0.273691255
11.32932584	0.78826801	-0.26163358
11.33460088	0.838058518	-0.263508608
11.32631707	0.867875803	-0.277125167
11.330065	0.906910106	-0.269190922
11.31465827	0.954245328	-0.268527984
11.29957522	1.002293721	-0.269147184
11.2862825	1.045642848	-0.268535648
11.27436518	1.088794338	-0.266040206
11.25453321	1.152560217	-0.266121082
11.22586865	1.191250746	-0.261242977
11.1978497	1.232083928	-0.255352839
11.16837508	1.289729279	-0.252194849
11.1396302	1.324157852	-0.240226188
11.08709325	1.368297057	-0.232236616
11.03966329	1.410574027	-0.226063113
10.9935568	1.45064266	-0.223525072
10.94084	1.484818841	-0.21080546
10.87536129	1.518358394	-0.201955837
10.81948813	1.548008653	-0.193550236
10.77163066	1.575674579	-0.173422825
10.69221327	1.601369729	-0.162751695
10.63165533	1.617647075	-0.146383246
10.5618452	1.621730059	-0.129989832
10.48363724	1.634061517	-0.11730001
10.41599254	1.643486986	-0.101837354
10.34002588	1.636177513	-0.084214689
10.2681821	1.630881255	-0.060997576
10.18817711	1.616742146	-0.050771225
10.11859336	1.596614035	-0.027713465
10.04980124	1.587847996	-0.007265412
9.965825044	1.553808642	0.007196446
9.895527081	1.503888211	0.027558077
9.823860324	1.470433704	0.035103593
9.758012287	1.429018572	0.049760811
9.694204839	1.380470702	0.069617233
9.637438532	1.322995983	0.085478918
9.576262798	1.263504744	0.095025916
9.510649071	1.20949774	0.110291973
9.453036149	1.13850322	0.112486462
9.417240811	1.066814122	0.125097037
9.386540169	1.001513183	0.140316789
9.339390444	0.929828275	0.144022348
9.310410274	0.857900137	0.151858795
9.262533552	0.782369412	0.158898509
9.249423001	0.710419374	0.163178968
9.245458571	0.636093094	0.16754364
9.203629377	0.565256834	0.173385161
9.201781763	0.49401231	0.174284362
9.190327428	0.433749465	0.175676979
9.179753562	0.36599496	0.175088912
9.182702431	0.293621532	0.177763606
9.183657924	0.233831972	0.177013234
9.181974651	0.17052811	0.175190792
9.18555433	0.114362627	0.175994161
9.195475213	0.052636157	0.173195274
9.214950678	-0.00680339	0.163821543
9.219289699	-0.059798051	0.166834071
9.235097302	-0.11684207	0.170363763
9.2613431	-0.164110737	0.156474811
9.260278198	-0.203408444	0.144585188
9.27860526	-0.252035762	0.148008716
9.305595649	-0.311791912	0.147342653
9.313781621	-0.343960612	0.136176895
9.330496438	-0.380147714	0.125603852
9.355123379	-0.423294692	0.124386178
9.390735761	-0.453693772	0.133978766
9.393934339	-0.492442409	0.115251791
9.404952179	-0.521829949	0.106485111
9.441196733	-0.550560265	0.11122304
9.457995058	-0.578648191	0.103494364
9.47900618	-0.611823473	0.092836263
9.491391055	-0.641147237	0.085308287
9.516009287	-0.66123758	0.083664204
9.53874309	-0.670013245	0.080281394
9.553962077	-0.693916388	0.07563541
9.562600733	-0.740302237	0.062099074
9.58724784	-0.756274132	0.06203095
9.616269782	-0.758200195	0.062017256
9.630860045	-0.779403354	0.053815593
9.645585466	-0.81511013	0.05187104
9.666631836	-0.82248356	0.0461614
9.687033592	-0.820909595	0.039564607
9.721847597	-0.845287271	0.042831777
9.734017947	-0.857608859	0.034378477
9.71998519	-0.862434208	0.023602592
9.75424823	-0.882845898	0.032146433
9.767367903	-0.885345406	0.025677532
9.781110992	-0.888184423	0.014253197
9.819800214	-0.908485151	0.013852388
9.827067278	-0.90435786	0.007065599
9.827967569	-0.91550151	-0.003413145
9.848663058	-0.927396089	-0.002391717
9.881644414	-0.932426235	-0.005069567
9.894418646	-0.938863201	-0.013230088
9.882579564	-0.939878409	-0.014768239
9.899948033	-0.942932924	-0.023287772
9.940227122	-0.949325015	-0.025947937
9.943164361	-0.948444138	-0.026500035
9.951554283	-0.951266269	-0.040425302
9.969344782	-0.954729371	-0.039758565
9.978737582	-0.95496787	-0.038322233
9.995133407	-0.961523281	-0.047339274
10.0033538	-0.958147974	-0.04833983
10.01699517	-0.966043554	-0.053332444
10.02730941	-0.962336055	-0.057223644
10.04894293	-0.953079024	-0.054304935
10.07453358	-0.95803426	-0.064574101
10.07047109	-0.955003717	-0.068935068
10.07317278	-0.950940067	-0.067070104
10.09299957	-0.948181847	-0.075995815
10.09008742	-0.943825102	-0.082970372
10.10439935	-0.938736022	-0.085103711
10.12303573	-0.936784555	-0.084635045
10.12699763	-0.938157068	-0.087236371
10.14623915	-0.935598867	-0.084708312
10.15726913	-0.921005565	-0.090980277
10.15770778	-0.915799394	-0.097970943
10.16267174	-0.917318945	-0.099369474
10.17774561	-0.907679829	-0.101633171
10.19021486	-0.894058591	-0.10157729
10.19675002	-0.893032511	-0.102005641
10.20025175	-0.892761776	-0.108614948
10.20614947	-0.878416026	-0.11041308
10.21404783	-0.86768177	-0.110159156
10.22313111	-0.859438763	-0.117372648
10.22479233	-0.854582155	-0.116753614
10.23242669	-0.84713938	-0.11860813
10.23326718	-0.834274463	-0.122293315
10.23836194	-0.82568512	-0.124488486
10.25301856	-0.817300036	-0.126352905
10.24672724	-0.800843619	-0.127446808
10.25472594	-0.797611008	-0.138460603
10.26390086	-0.78424153	-0.135854471
10.26285948	-0.758643359	-0.13159218
10.26942457	-0.769015912	-0.138447438
10.27850577	-0.765406234	-0.138690506
10.27911985	-0.743440507	-0.144624686
10.28251911	-0.73411863	-0.144720804
10.28525907	-0.714334946	-0.14318671
10.29670211	-0.701167993	-0.145357494
10.31511207	-0.689279063	-0.147764093
10.31553796	-0.6855473	-0.140502971
10.31080517	-0.675420103	-0.142285599
10.3124659	-0.656622906	-0.154455226
10.3207384	-0.647895073	-0.151359995
10.33492538	-0.632761098	-0.14574563
10.32378392	-0.623011545	-0.14861739
10.32462318	-0.616135047	-0.156805891
10.35849117	-0.59554908	-0.153028026
10.33198373	-0.579055588	-0.160048797
10.32781191	-0.567628026	-0.166964899
10.35694302	-0.561789896	-0.161216596
10.34637988	-0.544212068	-0.160708897
10.33476035	-0.528279362	-0.160761677
10.34453071	-0.513463361	-0.166241615
10.34125245	-0.498657864	-0.167592023
10.34187596	-0.492871258	-0.165268163
10.36013689	-0.479142709	-0.169851127
10.34975277	-0.470361769	-0.174107698
10.35027926	-0.458008875	-0.173654912
10.35912923	-0.438496733	-0.169732918
10.36205927	-0.419794855	-0.17310522
10.3623441	-0.410071714	-0.172728151
10.3582004	-0.397482129	-0.173821213
10.35711783	-0.382898499	-0.174548165
10.36484165	-0.367289053	-0.170896094
10.37127465	-0.353142782	-0.174361925
10.37116425	-0.338541898	-0.173495199
10.37550142	-0.320472604	-0.17323621
10.37510512	-0.306711618	-0.169655606
10.37299585	-0.295220679	-0.169973803
10.37018435	-0.284551579	-0.171803458
10.38446335	-0.26900299	-0.174396327
10.40175959	-0.24600208	-0.16673366
10.38647178	-0.23325912	-0.163166815
10.38399257	-0.223636161	-0.173222553
10.39290394	-0.207525385	-0.168372747
10.38927661	-0.193151049	-0.168908788
10.37964852	-0.196469329	-0.165448876
10.39099569	-0.177307421	-0.164478985
10.39516433	-0.152043024	-0.17281208
10.40150509	-0.144125333	-0.169429934
10.40497101	-0.129144759	-0.165293742
10.3943974	-0.12735491	-0.160791327
10.40184447	-0.114771214	-0.162639279
10.40736916	-0.090199749	-0.166133101
10.41028398	-0.081187884	-0.162404834
10.40123162	-0.067628024	-0.168541365
10.408551	-0.052242495	-0.166228753
10.40998986	-0.054812582	-0.160694731
10.40168834	-0.030705281	-0.166297632
10.42919786	-0.014047018	-0.160882591
10.42886801	-0.010844351	-0.15836745
10.40146771	0.003269861	-0.164782227
10.41550925	0.013687981	-0.163482207
10.43199812	0.027891839	-0.16188379
10.41907182	0.037027864	-0.161687479
10.44512589	0.059579638	-0.160109105
10.44708139	0.069022354	-0.160614646
10.42925253	0.057929343	-0.16408057
10.44794309	0.076423317	-0.160063792
10.43837309	0.108965333	-0.158856788
10.43533982	0.10640169	-0.161868585
10.44616119	0.109629168	-0.163819128
10.46956342	0.123076708	-0.165651288
10.47851039	0.133645102	-0.154994764
10.46390084	0.143532899	-0.157611884
10.4708212	0.15313417	-0.161624276
10.47098151	0.162582595	-0.155137909
10.4744555	0.168939381	-0.16055496
10.49777419	0.17803635	-0.158373325
10.48722194	0.188847622	-0.162483122
10.48708132	0.200451654	-0.164191873
10.48926046	0.204122593	-0.159531712
10.51211582	0.209951075	-0.16285615
10.52908357	0.216501926	-0.16946809
10.51231025	0.229228296	-0.166741413
10.5208874	0.240490369	-0.166894263
10.54168401	0.244418884	-0.169033477
10.54489188	0.251854653	-0.164546458
10.52421724	0.253035912	-0.178433756
10.56358494	0.267224344	-0.166333581
10.56682784	0.27707825	-0.16375801
10.55815169	0.278615646	-0.176748444
10.58114604	0.290287581	-0.170466877
10.57801107	0.289609115	-0.171431471
10.58316528	0.296731083	-0.18140201
10.59696843	0.307701038	-0.180572523
10.6104063	0.316884145	-0.173785233
10.61069094	0.326887897	-0.180499128
10.62464024	0.332334875	-0.179046119
10.63288204	0.335202954	-0.180970367
10.63572362	0.338293705	-0.184988667
10.64633044	0.346744469	-0.189253239
10.66633221	0.352455899	-0.192324527
10.66611493	0.36929191	-0.19261701
10.65288457	0.376455258	-0.194346332
10.68195263	0.374463158	-0.195145527
10.69718841	0.388505986	-0.204838175
10.71915433	0.391438592	-0.205902976
10.71654874	0.396448587	-0.212294981
10.71311862	0.405522803	-0.216387296
10.73734538	0.422321419	-0.212326671
10.74910087	0.428232842	-0.218176827
10.74960539	0.426544087	-0.222939461
10.75650422	0.446823211	-0.235940856
10.78239923	0.462506482	-0.23407088
10.79690215	0.464667707	-0.228928278
10.81499115	0.476606685	-0.237723975
10.82408166	0.478849821	-0.249553352
10.82770805	0.493430133	-0.249798211
10.82953426	0.526392035	-0.252198205
10.85686336	0.528932119	-0.259219255
10.88721106	0.534968235	-0.260989963
10.89479553	0.55779263	-0.260052183
10.90084053	0.571839319	-0.267048168
10.91688997	0.58258142	-0.276015963
10.92843027	0.599037217	-0.275184898
10.93876208	0.612295839	-0.282412575
10.952686	0.640813983	-0.290945012
10.96436974	0.664201594	-0.288211203
10.97493345	0.678483816	-0.289738802
10.99661884	0.708314456	-0.29824141
11.00040976	0.733901875	-0.300861758
11.00763014	0.760260325	-0.308197802
11.01995773	0.799676075	-0.303938621
11.02581599	0.826358803	-0.309432177
11.03809807	0.847479654	-0.319651787
11.0417906	0.885035914	-0.320724814
11.04456603	0.930257079	-0.317759436
11.04619927	0.97177266	-0.32164559
11.04607278	0.999213693	-0.330718706
11.04178386	1.043745303	-0.331421216
11.03925278	1.091340202	-0.329582264
11.0341185	1.129121673	-0.327019138
11.01628383	1.172890368	-0.332077749
11.02108757	1.218401593	-0.330733967
10.989383	1.261645385	-0.329144064
10.96295084	1.326075163	-0.323849237
10.9594353	1.364674138	-0.321728553
10.92136038	1.395347395	-0.319855533
10.89846315	1.449904196	-0.312867843
10.8580099	1.498147354	-0.30921478
10.81224493	1.545643566	-0.30823984
10.77627586	1.582754684	-0.295910294
10.73198581	1.620086745	-0.282438979
10.66228438	1.665970318	-0.27757479
10.61038487	1.695963755	-0.260028985
10.56829146	1.723147722	-0.251033238
10.50192493	1.75237191	-0.250063213
10.43427489	1.773081838	-0.229352116
10.36213151	1.797837687	-0.216301934
10.29207503	1.803892258	-0.209248177
10.21835894	1.810688664	-0.186161027
10.13991129	1.822218952	-0.173025553
10.06713246	1.81838122	-0.162490187
9.990694856	1.809258386	-0.142839366
9.899677725	1.799484921	-0.134740958
9.835881781	1.764168305	-0.118071149
9.756056536	1.741099577	-0.099760186
9.681278425	1.720436343	-0.080325642
9.635841128	1.684709565	-0.063459216
9.547652404	1.63391221	-0.051020638
9.468522382	1.58236403	-0.037340082
9.424683573	1.54423399	-0.025183152
9.35460282	1.479002021	-0.009818667
9.296993776	1.411153107	0.00556745
9.241434552	1.354369693	0.010620426
9.177703366	1.293254291	0.017913798
9.142292094	1.216005044	0.034635354
9.097879889	1.150533993	0.040913209
9.05637839	1.078263151	0.047238978
9.021202506	1.001026715	0.056099707
8.991424064	0.933706497	0.05933264
8.967289574	0.851730014	0.064125545
8.94034593	0.782603494	0.069905568
8.9250682	0.702186059	0.066753629
8.913469651	0.625795052	0.068843269
8.88135047	0.570493968	0.06571895
8.883336446	0.490727067	0.069308771
8.893815936	0.416389504	0.071969908
8.870713105	0.351925115	0.061055472
8.881365835	0.286993299	0.062801305
8.896570913	0.224745355	0.0638012
8.886905073	0.159719826	0.054806329
8.907039745	0.104344478	0.055617143
8.924060309	0.050132315	0.052172033
8.927685428	-0.008724867	0.041782665
8.941846182	-0.061783809	0.041647752
8.953135384	-0.120710613	0.024370839
8.981500257	-0.170062222	0.021685606
9.004088578	-0.218557866	0.029522672
9.01097265	-0.262210178	0.015213153
9.029857838	-0.293764849	0.007363943
9.054176405	-0.339878218	0.002825575
9.078327383	-0.383431587	-0.003374273
9.094705865	-0.42328781	-0.009840929
9.118578444	-0.452127709	-0.023170754
9.158356928	-0.487239147	-0.034247133
9.169931797	-0.52661721	-0.023505003
9.16738089	-0.554142939	-0.025872792
9.190019453	-0.58196116	-0.045750595
9.221466266	-0.611414603	-0.050722523
9.253643318	-0.64269073	-0.051778145
9.26385972	-0.662500474	-0.062722816
9.284909779	-0.687581092	-0.067621662
9.294999117	-0.715416406	-0.072475976
9.314766712	-0.735811437	-0.083054527
9.355581795	-0.757593324	-0.080567441
9.364371619	-0.778471716	-0.086940645
9.381379615	-0.796785784	-0.099070766
9.402619677	-0.816186647	-0.113161366
9.41489499	-0.835282633	-0.114560904
9.432299297	-0.85369821	-0.113069227
9.470599107	-0.867514466	-0.120118218
9.484215308	-0.877305771	-0.128743655
9.492729854	-0.886043191	-0.137784698
9.520619641	-0.904447234	-0.139389327
9.535261744	-0.922547232	-0.147053928
9.551006331	-0.929690753	-0.153228036
9.569560082	-0.951890275	-0.163923692
9.586203287	-0.956551349	-0.168363348
9.599165192	-0.964268727	-0.167571198
9.625905326	-0.977265599	-0.173067314
9.634562526	-0.979522922	-0.181986923
9.642734274	-0.994603022	-0.192855959
9.655973386	-0.99646776	-0.197201569
9.672437845	-1.002646134	-0.198585532
9.705148285	-1.01601528	-0.200379478
9.709163408	-1.020225311	-0.214078332
9.705744378	-1.032440327	-0.221801596
9.731125309	-1.03995947	-0.220935875
9.758921863	-1.036177317	-0.227787637
9.749202613	-1.039271447	-0.233727706
9.777922027	-1.04623186	-0.236527258
9.818717378	-1.054697461	-0.233712988
9.798510076	-1.050163052	-0.252372869
9.813419739	-1.056150104	-0.260063655
9.839944457	-1.06166076	-0.25487317
9.83137113	-1.060074999	-0.265963936
9.852492548	-1.063082264	-0.269589839
9.874053766	-1.062622563	-0.274854984
9.883732611	-1.066300894	-0.279749489
9.890640086	-1.071784581	-0.291783046
9.902962262	-1.066171853	-0.294201961
9.906829718	-1.063290944	-0.292351355
9.92055081	-1.058425105	-0.301720253
9.944551687	-1.057134539	-0.304864628
9.939609939	-1.064863638	-0.311939272
9.956047568	-1.057143458	-0.312821086
9.974865843	-1.059652808	-0.31081255
9.979413462	-1.069861426	-0.322327729
9.989912642	-1.057230825	-0.327308865
9.999869234	-1.051694055	-0.33049449
10.00672599	-1.05489447	-0.338912165
10.01936199	-1.043071897	-0.338817546
10.02580024	-1.029373296	-0.342544628
10.03491396	-1.037026273	-0.347036869
10.05294971	-1.033030424	-0.346215707
10.05145959	-1.027305405	-0.349848551
10.0554688	-1.028898307	-0.36901459
10.06788877	-1.015801101	-0.367222872
10.08856909	-1.010571714	-0.357101222
10.09592709	-0.999242641	-0.369278981
10.09540229	-0.999189661	-0.374300171
10.10702356	-0.99165083	-0.37840637
10.11276794	-0.982688861	-0.379737339
10.13299308	-0.976474912	-0.382524565
10.12518047	-0.959459282	-0.386191821
10.11549547	-0.954276197	-0.388014736
10.13448822	-0.956701515	-0.393474103
10.1496913	-0.943175115	-0.39425866
10.14073042	-0.93568268	-0.402699221
10.14325129	-0.927699885	-0.405545187
10.16888572	-0.916135714	-0.402159088
10.1714922	-0.908968837	-0.408518901
10.16593429	-0.889748612	-0.409595139
10.16774637	-0.885299133	-0.421935385
10.17943146	-0.873933491	-0.420030536
10.19274898	-0.858649435	-0.412543034
10.19762423	-0.857151301	-0.42236893
10.20823992	-0.833896639	-0.422103937
10.21174053	-0.825749243	-0.423638765
10.21926861	-0.828045688	-0.429477665
10.21518153	-0.818917814	-0.431069415
10.21498714	-0.805241257	-0.433833423
10.2356871	-0.802944743	-0.43616282
10.23654839	-0.788666323	-0.434177367
10.24346848	-0.767798556	-0.442183171
10.27565097	-0.761296337	-0.443463827
10.27012677	-0.740580638	-0.439857377
10.25241435	-0.73881052	-0.445226409
10.26258796	-0.724457047	-0.450936582
10.28423929	-0.711162199	-0.447980158
10.29556357	-0.70596716	-0.445552261
10.28442936	-0.68571756	-0.449640433
10.29797839	-0.680337725	-0.448765848
10.30492055	-0.667133431	-0.450652977
10.30456254	-0.652579881	-0.454387661
10.30348986	-0.634703374	-0.450771609
10.3218433	-0.628029992	-0.448359822
10.32824785	-0.613243596	-0.461436955
10.32055568	-0.597873809	-0.459671993
10.3378248	-0.580737745	-0.447722387
10.34126413	-0.569948632	-0.453357948
10.34398291	-0.56907861	-0.456298696
10.35374467	-0.552108839	-0.445673083
10.35469448	-0.53791757	-0.452516676
10.35779115	-0.519448928	-0.461633697
10.36611218	-0.512157687	-0.451036484
10.37032558	-0.50452785	-0.451406097
10.3517312	-0.496401235	-0.456841793
10.36626308	-0.476812939	-0.458009855
10.38930125	-0.463749527	-0.455905541
10.38260334	-0.456479588	-0.459457896
10.38562389	-0.438844865	-0.457088482
10.39006084	-0.430095189	-0.454716032
10.40070573	-0.420322821	-0.458568704
10.40210062	-0.412627574	-0.457657543
10.40504567	-0.400912324	-0.458516607
10.40880585	-0.386687673	-0.461672338
10.41656258	-0.378203479	-0.458643725
10.4287277	-0.363838025	-0.45416092
10.42648856	-0.346956362	-0.457773341
10.43008982	-0.340200835	-0.460202741
10.44615696	-0.329938446	-0.459588717
10.4551441	-0.308426537	-0.459454915
10.45398952	-0.310410546	-0.45947593
10.45658846	-0.30622302	-0.459659083
10.46413249	-0.285008427	-0.459665486
10.47178776	-0.273178163	-0.461130022
10.48576483	-0.27000542	-0.463215228
10.49139948	-0.263921565	-0.462224371
10.49244501	-0.248703613	-0.45922005
10.49095952	-0.243467834	-0.4690687
10.49860494	-0.22944887	-0.468615987
10.51074404	-0.219163346	-0.461128741
10.50548921	-0.215888428	-0.460084581
10.52216679	-0.197542427	-0.462921819
10.53175587	-0.19036185	-0.466776456
10.52957554	-0.18449931	-0.464994476
10.5450398	-0.171979554	-0.460049534
10.55434034	-0.170237122	-0.461965814
10.55337356	-0.1633094	-0.468337844
10.56285954	-0.14592892	-0.465348087
10.5727904	-0.138631996	-0.46112578
10.5829401	-0.13807664	-0.462604971
10.58870193	-0.129031174	-0.468386087
10.58981954	-0.111856861	-0.47192621
10.60001697	-0.111961371	-0.471415991
10.61005141	-0.108605871	-0.468560017
10.62650316	-0.095531234	-0.467253433
10.62903866	-0.092163673	-0.469485696
10.63956317	-0.085348654	-0.467882217
10.64752554	-0.079950045	-0.468130814
10.65161857	-0.074150388	-0.475447768
10.66397482	-0.070138852	-0.479620149
10.6719528	-0.065846392	-0.478019618
10.68849856	-0.064501254	-0.476741605
10.69840488	-0.064611416	-0.474733665
10.70460151	-0.053692541	-0.472144224
10.6930947	-0.036423771	-0.485039495
10.7045195	-0.037506575	-0.487453533
10.73732986	-0.039944089	-0.484027378
10.7339181	-0.025769186	-0.488254628
10.7446021	-0.023414581	-0.489807277
10.75766549	-0.020392212	-0.492825727
10.75936142	-0.010244013	-0.49815573
10.77485171	-0.004146402	-0.497846482
10.79314402	0.001294749	-0.498349519
10.78709339	-0.000931164	-0.502486079
10.79916566	0.006689069	-0.507174527
10.82703615	0.01851454	-0.509098994
10.83265164	0.022394777	-0.511531416
10.84525519	0.020508111	-0.512656092
10.85723136	0.028116985	-0.519026632
10.86457037	0.04091543	-0.524511918
10.88507398	0.043475727	-0.521339103
10.90326805	0.054710868	-0.524150541
10.90413195	0.058458692	-0.526191194
10.92604836	0.072295708	-0.528970858
10.94931078	0.084505431	-0.535712552
10.95029698	0.084738492	-0.535913405
10.97067264	0.099328009	-0.538874339
10.98609951	0.112008686	-0.546890769
10.99034831	0.108010941	-0.550908468
11.00915958	0.1278431	-0.556018943
11.02699826	0.154946454	-0.558881328
11.03442749	0.161966576	-0.564080483
11.05497034	0.178547688	-0.570747358
11.07388637	0.192221856	-0.580257607
11.07284424	0.212426823	-0.581467843
11.09371886	0.241043319	-0.582724335
11.1077089	0.25653932	-0.590844279
11.10717823	0.275954077	-0.594766998
11.12583881	0.302387396	-0.601387402
11.12738607	0.326852457	-0.609677802
11.12719728	0.356631004	-0.607954146
11.13903151	0.384215238	-0.610234576
11.14823538	0.421691927	-0.62229494
11.1560814	0.455645559	-0.620404037
11.16278042	0.48250342	-0.61617476
11.16581564	0.519419702	-0.614483083
11.14766589	0.556783426	-0.622502859
11.13336385	0.593792664	-0.629235911
11.13825901	0.632109315	-0.625201306
11.12653704	0.669060434	-0.62680053
